# Longevidade
0
150
159
196
198
230
275
303
314
316
331
355
365
403
408
417
417
421
444
448
451
474
478
481
483
484
487
488
499
504
507
511
517
529
541
544
561
562
566
588
611
623
624
632
634
641
644
649
650
661
663
681
710
710
730
735
743
744
759
763
769
770
771
795
809
824
835
844
850
872
876
884
893
904
913
914
934
934
937
985
987
994
994
1002
1013
1016
1029
1039
1043
1048
1051
1058
1064
1069
1072
1086
1096
1107
1115
1122
1125
1141
1155
1168
1175
1188
1193
1195
1196
1202
1205
1209
1221
1238
1243
1246
1261
1262
1282
1293
1294
1298
1305
1308
1309
1309
1311
1318
1328
1333
1361
1369
1371
1372
1379
1415
1421
1439
1457
1468
1474
1478
1488
1488
1489
1492
1497
1519
1537
1546
1547
1565
1565
1578
1600
1603
1610
1636
1638
1650
1664
1667
1672
1693
1698
1707
1775
1775
1786
1804
1810
1861
1877
1884
1889
1889
1889
1914
1915
1916
1918
1920
1938
1942
1948
1950
1950
1951
1979
2002
2003
2014
2025
2034
2045
2056
2067
2071
2088
2105
2112
2135
2164
2218
2225
2233
2257
2262
2291
2296
2297
2326
2343
2352
2354
2361
2392
2396
2400
2401
2403
2433
2444
2447
2459
2464
2465
2477
2481
2507
2510
2519
2521
2535
2541
2561
2571
2571
2576
2584
2593
2610
2613
2614
2618
2618
2620
2624
2639
2655
2671
2677
2695
2703
2721
2730
2732
2735
2756
2775
2777
2779
2800
2810
2817
2826
2832
2833
2838
2838
2844
2852
2858
2903
2929
2951
2959
2979
3000
3000
3021
3035
3035
3047
3090
3103
3108
3120
3123
3136
3140
3152
3153
3157
3182
3185
3190
3192
3204
3209
3210
3227
3229
3240
3242
3249
3275
3290
3294
3294
3317
3326
3328
3331
3331
3333
3342
3350
3373
3374
3381
3387
3396
3396
3399
3427
3427
3462
3464
3473
3475
3481
3485
3499
3500
3503
3503
3508
3511
3519
3525
3539
3546
3549
3556
3572
3579
3579
3581
3587
3600
3623
3637
3668
3695
3699
3723
3751
3751
3762
3784
3821
3824
3841
3843
3844
3861
3883
3883
3886
3898
3906
3912
3931
3943
3959
3976
3998
4007
4011
4070
4097
4100
4102
4113
4114
4127
4158
4198
4241
4243
4244
4250
4259
4269
4277
4278
4290
4294
4328
4335
4359
4392
4407
4409
4427
4428
4450
4494
4502
4511
4511
4512
4520
4532
4557
4560
4588
4607
4611
4620
4632
4640
4646
4654
4664
4688
4689
4691
4694
4698
4702
4707
4713
4718
4737
4745
4760
4763
4773
4786
4798
4814
4818
4819
4835
4840
4868
4894
4904
4919
4939
4951
4951
4967
4974
5003
5016
5017
5025
5073
5077
5090
5091
5166
5170
5192
5194
5196
5220
5222
5228
5239
5301
5322
5323
5341
5360
5366
5374
5389
5393
5424
5425
5445
5445
5447
5484
5486
5491
5518
5523
5547
5547
5560
5563
5581
5586
5590
5590
5590
5600
5620
5630
5655
5669
5673
5727
5760
5777
5786
5802
5809
5820
5838
5867
5869
5871
5873
5876
5877
5886
5892
5900
5930
5934
5938
5944
5946
5955
5966
5983
5993
5998
6006
6012
6030
6041
6061
6085
6116
6119
6124
6131
6136
6142
6148
6152
6163
6165
6178
6184
6202
6205
6232
6240
6263
6270
6271
6277
6283
6314
6330
6338
6342
6352
6359
6365
6376
6381
6391
6420
6436
6507
6541
6548
6559
6571
6575
6591
6594
6596
6609
6612
6618
6620
6640
6669
6673
6679
6690
6703
6707
6710
6736
6765
6807
6808
6832
6848
6854
6867
6895
6906
6915
6917
6928
6941
6943
6948
6954
6958
6995
7001
7020
7021
7043
7060
7061
7068
7096
7103
7130
7134
7149
7212
7237
7259
7269
7288
7290
7292
7303
7305
7309
7309
7367
7367
7387
7391
7397
7442
7443
7444
7445
7447
7485
7486
7499
7512
7520
7536
7546
7560
7563
7578
7654
7673
7685
7723
7759
7760
7761
7791
7797
7836
7877
7936
7956
7973
7978
7984
8001
8012
8028
8031
8042
8049
8078
8100
8111
8117
8124
8133
8152
8160
8162
8171
8200
8201
8208
8212
8225
8232
8245
8307
8310
8334
8353
8373
8409
8449
8464
8471
8482
8495
8496
8508
8537
8556
8556
8557
8565
8575
8582
8582
8585
8613
8621
8631
8644
8669
8673
8677
8679
8680
8706
8712
8717
8741
8745
8779
8802
8826
8833
8835
8915
8923
8945
8959
8982
8998
9047
9174
9188
9189
9193
9197
9208
9220
9240
9245
9291
9303
9323
9346
9355
9371
9372
9383
9391
9407
9445
9467
9469
9513
9518
9530
9530
9553
9587
9593
9609
9619
9635
9637
9654
9691
9693
9696
9741
9747
9762
9770
9797
9812
9813
9817
9842
9910
9918
9962
9964
9987
9992
9999
10000
10007
10036
10040
10057
10071
10077
10086
10103
10107
10126
10134
10136
10144
10154
10160
10183
10189
10196
10197
10271
10293
10305
10317
10317
10327
10371
10384
10384
10431
10519
10537
10560
10595
10595
10641
10668
10694
10721
10723
10728
10729
10745
10749
10768
10835
10843
10853
10863
10868
10874
10890
10902
10911
10930
10932
10941
10970
10976
10978
11005
11006
11014
11042
11077
11144
11149
11179
11214
11225
11227
11251
11257
11283
11349
11353
11356
11366
11428
11435
11452
11468
11492
11514
11528
11545
11551
11584
11587
11597
11627
11631
11672
11791
11810
11835
11933
11935
11947
11988
12050
12051
12051
12072
12095
12101
12165
12167
12173
12199
12240
12259
12280
12288
12301
12322
12358
12380
12414
12467
12512
12580
12586
12597
12638
12674
12718
12727
12734
12747
12754
12806
12860
12863
12884
12918
12925
12945
12953
12956
12983
13040
13061
13086
13129
13203
13220
13224
13307
13324
13383
13410
13488
13498
13532
13557
13574
13584
13599
13610
13613
13621
13657
13663
13680
13716
13736
13738
13760
13796
13949
13967
13987
14066
14087
14107
14207
14275
14320
14342
14401
14424
14462
14493
14511
14539
14549
14607
14636
14660
14690
14739
14744
14786
14808
14854
14856
14857
14909
14919
14921
14937
14974
15016
15029
15064
15096
15125
15132
15142
15165
15190
15191
15286
15289
15306
15352
15358
15398
15429
15434
15449
15453
15467
15479
15479
15538
15568
15586
15586
15592
15639
15666
15666
15749
15795
15816
15821
15844
15906
15945
15950
15963
16012
16046
16064
16069
16213
16235
16303
16318
16475
16490
16502
16509
16518
16608
16625
16641
16668
16761
16772
16809
16830
16900
17028
17069
17132
17169
17189
17252
17261
17266
17269
17347
17378
17410
17474
17494
17526
17551
17557
17613
17620
17621
17689
17719
17738
17780
17791
17903
17904
17913
17923
18002
18047
18048
18050
18119
18289
18301
18303
18320
18336
18407
18483
18565
18576
18590
18598
18662
18781
18787
18804
18836
18844
18847
18938
18984
19063
19091
19095
19201
19255
19299
19379
19403
19478
19485
19495
19514
19527
19544
19547
19571
19658
19704
19728
19753
19807
19868
19892
19905
19919
19986
20047
20091
20096
20139
20148
20225
20250
20256
20271
20410
20412
20456
20458
20483
20563
20661
20732
20760
20797
20866
20873
20902
20952
21013
21015
21017
21111
21113
21128
21146
21146
21215
21236
21273
21281
21294
21359
21362
21370
21371
21386
21409
21419
21444
21503
21504
21530
21545
21551
21586
21648
21684
21700
21796
21832
21847
21859
21874
21878
21886
21900
21999
22015
22016
22056
22116
22120
22149
22156
22169
22200
22279
22337
22694
22729
22732
22765
22810
22854
22871
22932
22958
23097
23130
23216
23331
23336
23342
23366
23447
23459
23475
23502
23510
23519
23684
23813
23965
24001
24014
24020
24044
24166
24184
24373
24383
24426
24448
24461
24562
24582
24590
24603
24705
24881
24911
24961
25023
25063
25098
25152
25208
25266
25272
25276
25365
25691
25692
25707
26000
26009
26061
26163
26226
26238
26258
26356
26398
26399
26404
26498
26507
26534
26563
26604
26818
26852
26853
26857
26859
26881
26916
27022
27505
27594
27645
27665
27737
27742
27782
27875
27941
28051
28343
28367
28379
28589
28687
28936
28941
28964
29017
29083
29180
29260
29270
29358
29407
29456
29542
29883
30073
30153
30167
30254
30276
30344
30423
30463
30583
30778
30921
31015
31112
31123
31146
31151
31163
31264
31313
31338
31482
31495
31579
31591
31753
31933
31948
32054
32089
32121
32268
32304
32370
32521
32613
32632
32708
32788
32835
32931
32994
33005
33205
33240
33255
33386
33483
33648
33672
33685
33693
33809
33826
34080
34082
34212
34215
34314
34376
34423
34530
35072
35202
35326
35471
35679
35759
36014
36067
36117
36249
36419
36597
36932
37023
37181
37263
37408
37532
37615
37629
37872
38122
38167
38429
38485
38653
38918
38945
39208
39388
39494
39601
39615
39719
40115
40403
40512
41085
41216
41483
41683
41775
41804
41847
41891
42239
42244
42340
43101
43329
43701
44047
44208
44402
44911
45259
45544
46166
46591
46785
46889
47128
47869
47995
48608
48638
49534
49725
50032
51154
51278
51401
51799
51967
53308
54480
55501
55689
56115
56158
56238
56571
56608
56796
56821
56846
57120
57123
57638
57801
58145
58302
58354
58844
59276
60180
60769
62474
62835
63246
63632
63737
65256
66902
67198
68453
69489
71047
71411
75349
75802
79053
79123
82941
83727
86369
91851