0
150
159
164
173
195
196
197
198
199
200
205
209
217
221
221
222
224
229
230
232
245
251
258
262
263
264
268
275
280
284
284
284
288
288
289
292
292
293
294
297
299
299
303
305
305
309
314
316
316
317
323
329
329
331
332
334
335
335
336
338
339
340
341
346
347
347
348
350
351
352
354
355
356
361
363
364
365
367
367
367
368
375
375
378
378
380
386
386
387
387
387
389
390
390
393
393
394
395
396
403
403
407
408
410
411
416
416
417
417
419
420
420
421
422
423
424
428
429
431
432
433
437
438
438
442
442
444
444
444
448
448
449
451
452
454
454
456
458
460
462
463
464
468
470
471
473
473
474
474
475
478
480
480
481
481
483
484
484
487
487
487
488
491
493
495
495
499
502
503
504
507
507
511
511
513
517
522
522
523
526
526
527
529
529
534
536
539
541
542
542
542
544
544
547
547
548
549
549
550
551
551
553
556
558
561
561
561
562
563
566
566
571
572
573
574
574
574
577
580
581
582
584
585
587
587
588
589
589
590
592
593
595
596
596
604
606
607
609
609
609
611
611
614
617
617
617
618
618
620
623
624
624
625
626
628
629
631
632
632
632
632
633
634
634
635
635
638
638
640
641
641
641
641
644
645
646
646
647
647
647
649
649
650
650
650
653
655
657
657
659
661
662
663
663
664
669
670
670
675
676
677
679
681
681
681
683
686
686
686
686
689
693
696
699
700
704
706
707
708
708
708
710
710
710
710
713
714
714
715
719
720
720
724
725
726
728
729
730
731
732
734
734
735
738
738
738
739
739
741
743
743
744
744
745
746
747
752
753
753
753
755
758
759
759
759
760
761
761
763
763
763
765
765
765
769
769
770
771
771
775
777
777
777
777
781
784
787
787
788
789
790
790
791
792
792
793
793
793
794
794
795
795
796
799
802
803
804
805
806
807
808
809
811
813
818
820
822
823
824
826
826
827
828
830
835
836
838
838
840
841
843
843
844
845
846
848
850
850
851
853
854
856
856
857
857
859
859
862
863
863
868
869
870
871
871
872
875
876
877
879
880
881
883
884
886
886
888
889
891
892
893
896
896
896
897
898
898
902
904
904
905
909
909
909
910
910
913
913
913
914
914
914
915
919
919
920
920
922
928
928
928
930
934
934
934
935
936
936
937
938
938
940
940
944
945
945
947
949
949
950
951
954
956
957
962
962
963
964
965
967
968
971
972
974
975
975
975
976
978
978
979
981
981
985
986
987
988
991
991
992
993
994
994
996
999
999
1000
1001
1001
1002
1005
1009
1009
1009
1010
1010
1013
1013
1015
1016
1017
1017
1023
1023
1024
1028
1028
1029
1029
1030
1030
1031
1032
1033
1034
1035
1039
1040
1041
1042
1043
1044
1046
1048
1049
1051
1054
1054
1055
1056
1057
1058
1059
1061
1064
1067
1069
1069
1071
1072
1074
1075
1076
1080
1083
1084
1085
1086
1086
1087
1088
1089
1089
1090
1091
1094
1094
1094
1094
1095
1095
1096
1097
1097
1098
1100
1101
1101
1102
1107
1108
1109
1115
1117
1120
1120
1121
1122
1122
1123
1123
1125
1130
1130
1130
1131
1135
1141
1148
1149
1150
1152
1153
1153
1155
1158
1158
1161
1162
1162
1163
1164
1166
1167
1167
1167
1168
1169
1172
1173
1175
1175
1178
1181
1182
1184
1184
1185
1188
1188
1189
1193
1195
1196
1196
1199
1200
1200
1200
1202
1202
1203
1203
1203
1204
1204
1205
1207
1207
1207
1208
1208
1208
1209
1209
1209
1209
1211
1213
1216
1216
1220
1221
1221
1225
1226
1227
1227
1229
1229
1232
1238
1239
1241
1242
1242
1243
1245
1246
1246
1246
1251
1254
1257
1259
1259
1261
1262
1262
1263
1265
1270
1270
1273
1275
1277
1279
1280
1281
1282
1282
1282
1283
1283
1285
1285
1285
1286
1289
1289
1290
1293
1294
1298
1303
1303
1305
1305
1305
1308
1309
1309
1310
1311
1311
1318
1319
1320
1321
1321
1322
1323
1326
1326
1328
1329
1331
1333
1333
1334
1335
1335
1336
1338
1338
1338
1339
1339
1342
1347
1347
1349
1349
1351
1351
1351
1353
1354
1356
1359
1360
1361
1362
1363
1368
1369
1369
1371
1372
1374
1376
1378
1379
1380
1383
1386
1386
1388
1388
1392
1393
1394
1395
1395
1396
1397
1398
1405
1405
1407
1407
1407
1407
1407
1408
1409
1410
1412
1413
1415
1416
1416
1417
1417
1418
1419
1420
1421
1421
1424
1424
1425
1426
1428
1428
1430
1434
1434
1435
1435
1436
1437
1439
1439
1439
1440
1441
1443
1446
1446
1448
1451
1451
1453
1454
1456
1457
1459
1459
1461
1464
1468
1468
1469
1472
1474
1474
1475
1475
1476
1478
1478
1479
1480
1484
1485
1486
1488
1488
1489
1492
1493
1494
1496
1497
1497
1500
1502
1505
1507
1508
1514
1514
1517
1518
1519
1519
1519
1520
1520
1520
1521
1521
1523
1525
1526
1526
1531
1532
1532
1532
1537
1541
1541
1542
1545
1546
1547
1551
1554
1562
1563
1564
1565
1565
1568
1570
1571
1571
1573
1575
1578
1582
1585
1585
1587
1594
1599
1600
1603
1604
1605
1605
1606
1607
1609
1609
1610
1611
1612
1613
1613
1614
1614
1614
1617
1618
1622
1628
1628
1629
1629
1630
1632
1632
1633
1634
1635
1636
1636
1638
1638
1639
1641
1646
1647
1647
1647
1648
1650
1653
1653
1655
1656
1657
1657
1658
1661
1664
1664
1664
1667
1668
1668
1670
1671
1672
1674
1676
1677
1678
1680
1681
1682
1687
1693
1694
1697
1698
1699
1703
1705
1707
1707
1708
1714
1718
1721
1721
1727
1731
1732
1732
1734
1735
1735
1736
1737
1740
1743
1750
1753
1753
1753
1760
1763
1765
1770
1775
1775
1776
1777
1783
1783
1786
1787
1788
1790
1792
1792
1793
1794
1796
1798
1800
1800
1802
1804
1804
1804
1805
1806
1806
1807
1807
1810
1810
1812
1812
1815
1816
1822
1824
1824
1828
1829
1831
1831
1832
1832
1832
1833
1834
1835
1836
1836
1838
1840
1840
1843
1845
1846
1846
1851
1852
1853
1860
1861
1861
1863
1864
1867
1867
1867
1868
1869
1869
1869
1871
1872
1874
1877
1877
1877
1879
1880
1880
1882
1883
1883
1884
1884
1888
1889
1889
1889
1889
1890
1890
1897
1898
1899
1900
1901
1905
1906
1907
1908
1908
1914
1914
1915
1916
1916
1918
1920
1920
1921
1921
1922
1924
1925
1927
1928
1929
1932
1933
1935
1937
1937
1938
1938
1939
1940
1942
1945
1948
1950
1950
1950
1951
1956
1958
1958
1960
1962
1963
1963
1963
1966
1968
1970
1971
1971
1971
1972
1973
1973
1974
1975
1975
1975
1975
1975
1976
1976
1978
1979
1980
1981
1983
1985
1988
1988
1991
1994
1995
1997
1998
1999
2002
2003
2003
2004
2006
2009
2010
2014
2018
2020
2024
2024
2025
2025
2028
2029
2030
2031
2032
2032
2033
2033
2034
2035
2035
2037
2039
2041
2043
2045
2049
2054
2056
2057
2062
2062
2063
2064
2067
2069
2070
2071
2075
2079
2080
2084
2084
2086
2087
2088
2090
2091
2096
2096
2097
2099
2099
2100
2100
2102
2103
2104
2105
2105
2105
2109
2110
2111
2112
2114
2118
2121
2121
2123
2124
2129
2130
2132
2133
2134
2135
2135
2138
2139
2140
2140
2144
2144
2145
2146
2147
2147
2150
2152
2156
2159
2160
2163
2163
2164
2164
2165
2166
2168
2169
2171
2176
2182
2183
2185
2185
2191
2193
2196
2197
2201
2202
2205
2206
2208
2208
2210
2211
2213
2216
2216
2218
2219
2219
2220
2222
2225
2233
2233
2235
2236
2237
2240
2244
2245
2245
2248
2253
2256
2256
2256
2257
2259
2260
2261
2262
2265
2265
2265
2269
2269
2271
2272
2274
2275
2275
2278
2280
2281
2283
2285
2288
2289
2289
2290
2290
2291
2291
2295
2296
2297
2297
2298
2303
2304
2305
2307
2309
2310
2312
2322
2323
2325
2325
2326
2327
2331
2332
2333
2335
2335
2335
2335
2339
2340
2340
2343
2343
2344
2348
2350
2350
2352
2354
2356
2357
2357
2361
2362
2364
2364
2368
2368
2369
2370
2371
2372
2372
2372
2373
2378
2380
2382
2384
2385
2387
2387
2388
2390
2392
2394
2396
2396
2400
2400
2400
2400
2401
2403
2409
2409
2411
2416
2417
2418
2421
2423
2424
2428
2433
2435
2438
2440
2444
2444
2446
2447
2450
2451
2451
2453
2453
2453
2455
2457
2458
2458
2459
2461
2462
2463
2464
2465
2468
2468
2468
2469
2469
2471
2471
2471
2472
2477
2477
2478
2481
2482
2486
2486
2490
2490
2491
2491
2492
2492
2495
2495
2496
2499
2501
2501
2505
2506
2507
2507
2507
2508
2510
2511
2513
2514
2515
2515
2518
2518
2519
2519
2521
2522
2522
2524
2524
2526
2527
2527
2530
2532
2534
2535
2535
2536
2536
2541
2541
2543
2545
2545
2547
2549
2552
2555
2557
2558
2561
2563
2566
2567
2569
2571
2571
2575
2576
2577
2582
2584
2585
2591
2593
2594
2596
2598
2599
2599
2601
2601
2601
2601
2602
2602
2602
2603
2605
2605
2610
2610
2610
2611
2611
2612
2613
2613
2614
2617
2618
2618
2618
2620
2621
2622
2624
2631
2639
2642
2642
2643
2643
2644
2649
2652
2654
2654
2655
2655
2658
2659
2659
2660
2663
2664
2665
2666
2667
2670
2671
2672
2677
2678
2681
2684
2687
2688
2690
2695
2700
2702
2703
2703
2704
2706
2708
2710
2711
2712
2715
2717
2717
2718
2719
2719
2721
2722
2723
2724
2729
2730
2731
2732
2732
2733
2735
2735
2740
2740
2746
2746
2751
2753
2754
2756
2756
2757
2758
2760
2760
2760
2762
2762
2764
2766
2766
2767
2770
2774
2775
2777
2778
2779
2782
2783
2785
2786
2786
2787
2788
2788
2789
2790
2790
2790
2791
2796
2798
2800
2800
2801
2802
2804
2806
2806
2810
2812
2813
2816
2817
2822
2823
2825
2826
2827
2830
2832
2833
2835
2837
2837
2838
2838
2839
2843
2844
2844
2845
2852
2852
2852
2853
2855
2858
2858
2858
2858
2858
2859
2860
2865
2866
2867
2870
2875
2876
2876
2878
2879
2879
2880
2882
2883
2885
2885
2890
2890
2895
2897
2903
2907
2907
2909
2909
2911
2912
2913
2914
2916
2917
2917
2921
2922
2924
2925
2926
2926
2926
2926
2929
2929
2931
2931
2940
2941
2942
2944
2945
2951
2952
2953
2956
2958
2959
2959
2961
2965
2967
2970
2970
2970
2971
2974
2975
2975
2979
2979
2980
2981
2983
2984
2985
2985
2988
2989
2993
2995
2997
3000
3000
3000
3000
3001
3002
3002
3005
3006
3007
3007
3007
3008
3014
3016
3017
3018
3019
3021
3021
3023
3023
3028
3032
3034
3034
3034
3035
3035
3036
3037
3039
3042
3043
3044
3047
3047
3047
3047
3049
3050
3050
3052
3053
3054
3058
3058
3058
3058
3062
3062
3064
3064
3064
3067
3071
3075
3075
3077
3078
3079
3079
3081
3087
3089
3090
3093
3094
3095
3098
3098
3100
3101
3102
3103
3103
3107
3108
3110
3112
3112
3113
3113
3119
3120
3121
3121
3123
3123
3124
3126
3127
3128
3129
3135
3136
3139
3139
3139
3139
3140
3142
3147
3150
3152
3152
3152
3153
3155
3156
3157
3157
3158
3163
3168
3169
3170
3170
3173
3175
3176
3179
3182
3184
3185
3188
3190
3190
3192
3193
3195
3202
3204
3206
3207
3207
3209
3210
3210
3212
3216
3216
3220
3225
3226
3227
3228
3228
3229
3232
3235
3235
3236
3236
3237
3240
3240
3242
3242
3242
3243
3243
3246
3247
3247
3249
3249
3255
3256
3256
3257
3257
3260
3260
3266
3269
3269
3270
3270
3270
3270
3273
3275
3275
3276
3277
3277
3279
3279
3280
3282
3284
3290
3292
3293
3294
3294
3299
3300
3302
3302
3302
3306
3306
3306
3307
3307
3309
3310
3311
3312
3314
3316
3317
3319
3319
3326
3327
3328
3328
3328
3331
3331
3333
3334
3342
3343
3343
3343
3344
3346
3350
3350
3352
3353
3356
3357
3358
3361
3361
3362
3362
3364
3366
3370
3372
3373
3374
3379
3379
3381
3381
3386
3387
3388
3393
3394
3396
3396
3398
3398
3399
3399
3399
3400
3402
3407
3409
3410
3412
3412
3412
3416
3417
3420
3420
3421
3422
3425
3427
3427
3430
3432
3442
3443
3447
3448
3448
3448
3450
3452
3456
3457
3458
3460
3462
3462
3464
3467
3468
3470
3473
3473
3475
3475
3476
3479
3479
3480
3481
3485
3485
3485
3490
3497
3498
3498
3499
3500
3500
3500
3501
3501
3503
3503
3503
3503
3508
3508
3511
3515
3519
3519
3521
3521
3523
3524
3525
3528
3528
3529
3532
3534
3535
3536
3537
3537
3539
3545
3546
3547
3549
3552
3553
3554
3556
3561
3561
3561
3562
3566
3570
3572
3572
3573
3575
3575
3576
3577
3579
3579
3581
3581
3582
3583
3584
3585
3587
3589
3591
3593
3600
3600
3603
3605
3606
3611
3612
3615
3616
3617
3618
3618
3619
3622
3622
3623
3625
3630
3631
3631
3632
3632
3633
3635
3637
3642
3644
3646
3656
3657
3658
3659
3661
3663
3663
3665
3667
3668
3668
3675
3675
3676
3677
3677
3680
3686
3689
3694
3695
3698
3699
3700
3702
3705
3707
3707
3708
3709
3713
3715
3717
3718
3718
3723
3723
3724
3725
3725
3725
3726
3727
3727
3727
3736
3739
3740
3742
3745
3747
3748
3748
3749
3751
3751
3752
3752
3761
3762
3764
3774
3777
3778
3779
3784
3785
3786
3787
3787
3788
3792
3794
3797
3797
3797
3798
3799
3800
3800
3800
3801
3804
3804
3809
3810
3810
3811
3811
3811
3813
3814
3814
3817
3817
3821
3823
3824
3824
3826
3827
3829
3831
3838
3838
3839
3840
3841
3843
3844
3846
3849
3852
3855
3857
3861
3862
3866
3875
3876
3877
3878
3879
3880
3882
3883
3883
3886
3886
3887
3891
3891
3891
3898
3900
3900
3901
3903
3906
3910
3912
3920
3921
3925
3926
3930
3931
3932
3934
3934
3940
3943
3944
3944
3946
3947
3948
3949
3949
3949
3952
3952
3952
3953
3953
3954
3957
3958
3958
3959
3960
3960
3961
3963
3964
3965
3965
3966
3968
3972
3973
3976
3976
3976
3978
3981
3983
3985
3986
3987
3992
3994
3998
3998
4002
4002
4005
4005
4007
4010
4011
4013
4015
4015
4016
4021
4022
4024
4025
4026
4029
4033
4034
4050
4054
4056
4059
4063
4063
4066
4067
4070
4070
4071
4073
4075
4076
4076
4077
4079
4080
4082
4083
4088
4094
4097
4098
4100
4100
4101
4102
4102
4105
4106
4106
4107
4108
4108
4109
4111
4112
4113
4114
4114
4114
4117
4119
4125
4127
4129
4132
4136
4137
4138
4138
4138
4141
4141
4144
4147
4148
4149
4150
4153
4158
4161
4166
4167
4168
4168
4168
4170
4172
4179
4181
4184
4184
4192
4193
4193
4195
4195
4196
4198
4199
4199
4207
4209
4214
4215
4215
4220
4222
4226
4228
4230
4232
4233
4237
4238
4241
4241
4241
4242
4243
4243
4244
4245
4247
4247
4247
4249
4250
4251
4253
4255
4256
4257
4259
4259
4259
4263
4264
4265
4266
4267
4269
4269
4270
4275
4276
4277
4277
4278
4281
4282
4284
4287
4290
4290
4294
4299
4301
4303
4304
4315
4318
4318
4322
4327
4328
4329
4331
4335
4336
4343
4348
4351
4355
4355
4359
4359
4359
4360
4360
4361
4362
4363
4366
4368
4369
4372
4375
4375
4375
4378
4378
4382
4384
4384
4385
4385
4386
4390
4392
4392
4394
4399
4404
4407
4409
4409
4416
4416
4418
4420
4421
4423
4424
4427
4427
4427
4427
4428
4429
4432
4436
4436
4436
4440
4440
4444
4447
4450
4456
4456
4456
4460
4464
4466
4467
4470
4470
4473
4473
4478
4480
4482
4483
4483
4484
4484
4485
4485
4489
4492
4492
4494
4497
4500
4502
4505
4505
4506
4506
4507
4507
4508
4509
4511
4511
4511
4512
4513
4515
4515
4518
4520
4520
4523
4525
4527
4529
4532
4532
4532
4536
4537
4538
4539
4539
4539
4540
4547
4550
4550
4550
4553
4553
4554
4555
4555
4557
4559
4560
4560
4562
4562
4569
4570
4571
4580
4581
4581
4583
4585
4586
4588
4598
4601
4602
4604
4605
4607
4611
4611
4618
4618
4620
4620
4623
4624
4625
4631
4631
4632
4632
4634
4638
4640
4640
4641
4643
4645
4645
4646
4646
4649
4649
4650
4654
4660
4661
4661
4664
4668
4670
4671
4672
4674
4675
4685
4687
4688
4689
4690
4691
4692
4694
4694
4695
4698
4699
4700
4702
4704
4707
4710
4710
4711
4712
4712
4713
4714
4718
4720
4724
4726
4732
4733
4737
4740
4741
4742
4745
4746
4746
4748
4754
4759
4760
4763
4764
4766
4768
4770
4772
4773
4773
4777
4778
4781
4781
4782
4786
4786
4788
4793
4794
4794
4795
4798
4799
4800
4801
4808
4811
4814
4815
4816
4817
4818
4818
4818
4819
4819
4820
4825
4826
4827
4828
4828
4828
4830
4832
4834
4835
4836
4837
4840
4845
4850
4856
4859
4861
4865
4867
4868
4868
4871
4876
4877
4877
4878
4878
4878
4886
4886
4886
4887
4889
4894
4894
4895
4895
4897
4898
4901
4901
4903
4904
4904
4904
4906
4906
4909
4909
4911
4916
4919
4920
4924
4925
4927
4929
4935
4938
4939
4943
4943
4944
4947
4950
4950
4951
4951
4952
4954
4956
4965
4967
4970
4970
4971
4971
4971
4973
4974
4974
4976
4978
4980
4980
4981
4982
4985
4987
4993
4994
4995
4997
4999
4999
5000
5000
5001
5002
5003
5007
5013
5013
5014
5016
5017
5020
5022
5022
5025
5028
5028
5036
5037
5038
5041
5042
5042
5044
5051
5057
5057
5058
5060
5061
5062
5064
5070
5073
5075
5076
5076
5077
5077
5079
5081
5087
5090
5091
5091
5094
5097
5098
5100
5101
5101
5106
5113
5117
5119
5121
5121
5121
5125
5126
5132
5140
5145
5150
5157
5158
5158
5161
5161
5161
5166
5166
5167
5170
5172
5172
5172
5173
5177
5178
5180
5183
5189
5189
5190
5190
5192
5194
5196
5196
5209
5209
5211
5213
5214
5215
5220
5222
5222
5222
5225
5226
5228
5231
5236
5238
5239
5239
5242
5242
5248
5248
5249
5250
5253
5256
5258
5259
5267
5273
5276
5277
5282
5285
5285
5288
5289
5289
5290
5294
5297
5297
5299
5299
5301
5303
5303
5303
5308
5312
5313
5315
5317
5318
5319
5319
5319
5321
5322
5323
5323
5324
5328
5328
5328
5331
5332
5333
5333
5337
5338
5341
5341
5343
5343
5344
5347
5349
5353
5355
5360
5360
5360
5361
5364
5366
5371
5372
5374
5374
5379
5383
5386
5389
5390
5391
5393
5393
5399
5404
5405
5405
5406
5406
5408
5410
5412
5415
5417
5419
5421
5423
5423
5424
5425
5425
5427
5430
5433
5435
5435
5436
5437
5438
5438
5438
5439
5442
5444
5444
5445
5445
5447
5453
5454
5455
5457
5462
5462
5465
5471
5482
5484
5486
5488
5490
5491
5491
5491
5494
5494
5500
5506
5511
5515
5516
5516
5518
5519
5521
5523
5526
5528
5530
5530
5531
5532
5534
5534
5534
5537
5540
5541
5542
5542
5544
5546
5547
5547
5547
5547
5554
5555
5555
5556
5557
5560
5563
5567
5571
5575
5577
5581
5582
5586
5586
5587
5589
5590
5590
5590
5592
5599
5600
5601
5603
5604
5607
5612
5616
5616
5617
5620
5623
5628
5630
5630
5633
5633
5634
5640
5644
5652
5653
5654
5655
5656
5658
5664
5664
5666
5666
5669
5671
5673
5674
5675
5675
5675
5675
5676
5679
5681
5686
5687
5690
5693
5694
5696
5701
5702
5703
5703
5704
5706
5711
5713
5716
5724
5725
5727
5727
5727
5728
5730
5731
5733
5733
5736
5739
5742
5745
5747
5750
5750
5751
5754
5756
5760
5762
5768
5769
5769
5770
5770
5772
5775
5777
5778
5782
5784
5786
5789
5789
5791
5791
5797
5802
5802
5802
5806
5809
5811
5817
5820
5821
5823
5825
5827
5827
5829
5831
5831
5834
5836
5838
5839
5841
5851
5852
5859
5861
5864
5866
5867
5868
5869
5869
5871
5873
5876
5877
5878
5883
5886
5891
5892
5894
5895
5895
5896
5900
5903
5904
5904
5905
5906
5908
5913
5914
5915
5916
5916
5928
5929
5930
5931
5933
5934
5938
5940
5941
5941
5944
5946
5946
5950
5952
5955
5960
5966
5967
5972
5973
5976
5983
5983
5983
5984
5985
5985
5987
5993
5993
5994
5995
5997
5997
5998
5999
6002
6006
6007
6009
6012
6018
6020
6021
6027
6028
6029
6030
6030
6032
6035
6035
6039
6041
6043
6045
6051
6053
6057
6060
6060
6061
6063
6063
6063
6065
6067
6067
6068
6072
6074
6075
6079
6080
6081
6081
6083
6085
6085
6087
6091
6093
6093
6093
6096
6096
6097
6098
6100
6103
6106
6106
6109
6109
6111
6112
6113
6114
6116
6119
6121
6121
6121
6123
6124
6124
6125
6128
6130
6131
6131
6132
6136
6136
6137
6137
6139
6142
6143
6148
6152
6152
6153
6153
6155
6157
6157
6160
6162
6162
6163
6165
6165
6165
6169
6170
6173
6175
6175
6177
6178
6184
6184
6184
6184
6185
6187
6187
6192
6194
6195
6199
6199
6202
6202
6202
6203
6205
6206
6206
6207
6209
6210
6211
6220
6224
6224
6228
6232
6240
6241
6250
6251
6251
6254
6258
6260
6261
6263
6264
6264
6266
6269
6270
6271
6272
6274
6275
6277
6280
6283
6283
6288
6289
6292
6294
6297
6297
6300
6301
6301
6301
6302
6309
6314
6314
6319
6319
6323
6327
6328
6329
6330
6332
6332
6333
6336
6338
6338
6339
6342
6342
6343
6343
6345
6347
6347
6347
6349
6350
6352
6352
6354
6359
6359
6360
6362
6363
6365
6370
6371
6372
6373
6374
6376
6378
6380
6380
6381
6381
6384
6387
6391
6395
6396
6400
6404
6407
6409
6412
6414
6416
6418
6419
6420
6420
6421
6423
6425
6427
6432
6436
6436
6436
6437
6439
6444
6444
6449
6450
6452
6458
6461
6462
6465
6466
6471
6474
6483
6486
6489
6494
6498
6503
6507
6512
6512
6516
6517
6518
6520
6521
6524
6532
6534
6535
6541
6542
6546
6546
6548
6548
6548
6550
6550
6552
6553
6555
6557
6559
6561
6564
6564
6567
6571
6572
6575
6576
6580
6580
6588
6589
6589
6590
6591
6594
6594
6596
6596
6600
6603
6604
6608
6609
6609
6610
6612
6615
6616
6618
6620
6620
6624
6629
6632
6632
6633
6637
6638
6640
6643
6645
6647
6650
6652
6652
6653
6655
6660
6662
6667
6667
6669
6669
6669
6670
6673
6674
6676
6677
6677
6679
6681
6686
6686
6688
6690
6691
6692
6692
6692
6694
6696
6700
6703
6704
6705
6707
6709
6710
6710
6719
6719
6719
6720
6732
6735
6736
6736
6739
6739
6740
6741
6742
6744
6746
6747
6753
6756
6757
6758
6763
6765
6765
6766
6766
6769
6771
6777
6777
6782
6785
6788
6788
6792
6794
6794
6795
6796
6796
6798
6802
6807
6808
6818
6820
6821
6822
6825
6826
6829
6831
6832
6835
6835
6841
6841
6843
6845
6848
6848
6849
6852
6854
6854
6857
6859
6860
6863
6863
6863
6865
6865
6866
6866
6867
6867
6867
6869
6871
6873
6874
6878
6880
6881
6884
6885
6885
6886
6890
6891
6895
6906
6907
6909
6911
6913
6915
6917
6918
6920
6928
6930
6931
6934
6935
6939
6941
6941
6941
6942
6943
6944
6948
6951
6953
6954
6956
6957
6958
6963
6966
6966
6970
6970
6977
6977
6978
6982
6984
6985
6985
6993
6995
6998
6999
7000
7001
7004
7007
7010
7016
7016
7017
7020
7021
7021
7022
7028
7029
7030
7030
7032
7036
7036
7038
7038
7039
7043
7045
7045
7054
7055
7056
7058
7059
7060
7061
7063
7064
7066
7068
7073
7075
7076
7080
7080
7081
7081
7085
7088
7089
7089
7094
7096
7101
7103
7105
7114
7115
7118
7123
7123
7128
7130
7131
7133
7134
7135
7135
7137
7139
7141
7142
7143
7143
7145
7149
7157
7158
7163
7163
7164
7169
7170
7171
7172
7173
7176
7178
7181
7190
7198
7202
7202
7204
7205
7207
7210
7212
7212
7213
7218
7221
7222
7223
7223
7224
7225
7230
7237
7237
7240
7244
7248
7251
7259
7262
7265
7266
7267
7268
7269
7269
7269
7288
7290
7292
7297
7299
7300
7303
7305
7308
7309
7309
7315
7318
7320
7322
7322
7329
7330
7334
7337
7339
7339
7345
7347
7348
7349
7354
7354
7356
7358
7361
7362
7365
7365
7366
7367
7367
7368
7368
7380
7380
7385
7387
7387
7391
7396
7397
7397
7398
7398
7398
7399
7399
7400
7401
7403
7409
7409
7410
7412
7414
7421
7428
7434
7435
7436
7438
7439
7440
7441
7442
7443
7444
7445
7447
7447
7448
7449
7449
7450
7450
7451
7451
7452
7456
7459
7459
7460
7470
7474
7475
7480
7485
7485
7486
7498
7498
7499
7507
7509
7511
7512
7514
7514
7518
7520
7523
7528
7534
7535
7536
7537
7538
7539
7544
7546
7549
7550
7555
7557
7557
7560
7562
7563
7563
7566
7566
7566
7568
7573
7576
7577
7578
7578
7579
7587
7587
7587
7590
7594
7594
7598
7599
7599
7599
7601
7602
7604
7605
7610
7615
7616
7621
7622
7623
7624
7626
7627
7629
7634
7634
7637
7643
7644
7646
7648
7648
7652
7654
7654
7654
7660
7666
7670
7671
7672
7673
7674
7680
7681
7681
7683
7683
7683
7685
7690
7693
7696
7700
7712
7712
7715
7722
7723
7723
7726
7728
7728
7730
7734
7736
7736
7739
7742
7742
7743
7745
7747
7751
7754
7756
7757
7759
7759
7760
7760
7761
7763
7765
7766
7774
7775
7780
7784
7786
7788
7789
7790
7791
7793
7793
7797
7814
7816
7819
7821
7823
7829
7834
7836
7842
7848
7848
7848
7848
7854
7855
7858
7859
7861
7864
7873
7877
7878
7884
7885
7886
7886
7887
7887
7888
7888
7889
7890
7891
7892
7892
7899
7902
7904
7907
7911
7913
7915
7917
7918
7920
7924
7930
7936
7936
7947
7953
7956
7956
7967
7971
7973
7973
7974
7978
7979
7984
7984
7985
7986
7991
7992
7992
8000
8001
8004
8006
8007
8010
8012
8015
8019
8019
8022
8024
8024
8024
8028
8031
8033
8035
8042
8042
8043
8043
8046
8048
8049
8055
8056
8058
8060
8062
8065
8067
8070
8075
8075
8078
8080
8083
8085
8089
8091
8093
8096
8100
8101
8103
8104
8106
8108
8111
8111
8112
8113
8115
8117
8118
8119
8120
8122
8124
8127
8130
8130
8133
8133
8136
8137
8137
8138
8140
8152
8155
8157
8157
8159
8160
8162
8164
8166
8170
8171
8174
8175
8178
8181
8184
8187
8189
8191
8193
8195
8198
8198
8200
8200
8201
8202
8207
8208
8209
8210
8212
8212
8212
8215
8222
8223
8225
8226
8227
8227
8232
8236
8242
8245
8246
8246
8248
8254
8256
8260
8261
8267
8269
8276
8277
8278
8280
8280
8282
8284
8287
8294
8295
8301
8303
8305
8307
8309
8310
8320
8321
8324
8325
8326
8327
8328
8328
8333
8334
8336
8339
8345
8345
8351
8353
8354
8354
8355
8360
8362
8363
8363
8368
8370
8373
8373
8374
8374
8374
8377
8378
8380
8385
8391
8393
8401
8406
8407
8407
8409
8410
8414
8417
8419
8424
8425
8427
8430
8434
8435
8436
8440
8441
8441
8449
8451
8452
8452
8454
8459
8462
8464
8464
8465
8467
8471
8473
8482
8482
8490
8490
8490
8491
8491
8495
8496
8497
8500
8500
8502
8507
8508
8508
8509
8511
8512
8512
8516
8519
8521
8526
8526
8530
8530
8534
8537
8539
8542
8543
8543
8544
8545
8549
8551
8551
8554
8555
8556
8556
8556
8557
8563
8565
8565
8566
8568
8569
8570
8571
8574
8575
8576
8577
8578
8582
8582
8585
8589
8590
8590
8596
8598
8603
8606
8609
8613
8616
8618
8619
8621
8627
8628
8631
8632
8640
8642
8644
8645
8650
8651
8653
8654
8657
8662
8664
8669
8670
8672
8673
8677
8677
8678
8679
8680
8681
8682
8684
8685
8686
8686
8691
8691
8692
8693
8694
8702
8702
8703
8705
8706
8706
8712
8712
8714
8717
8722
8722
8727
8728
8730
8736
8736
8739
8740
8741
8741
8743
8745
8745
8746
8751
8755
8755
8756
8758
8762
8766
8770
8772
8779
8779
8780
8786
8787
8792
8797
8799
8800
8801
8801
8802
8802
8812
8813
8820
8820
8825
8826
8830
8833
8833
8835
8845
8847
8848
8849
8850
8850
8858
8858
8860
8864
8865
8868
8869
8871
8877
8883
8887
8887
8888
8897
8899
8902
8903
8906
8915
8915
8921
8923
8927
8927
8928
8931
8931
8932
8933
8938
8938
8938
8939
8940
8942
8945
8945
8946
8950
8953
8955
8957
8959
8959
8960
8962
8966
8966
8966
8967
8971
8974
8979
8980
8981
8981
8982
8982
8986
8997
8997
8998
9000
9002
9008
9012
9023
9027
9027
9030
9036
9045
9047
9056
9069
9081
9082
9083
9083
9085
9086
9088
9092
9106
9106
9107
9107
9109
9111
9112
9114
9118
9125
9129
9133
9136
9137
9138
9141
9142
9154
9154
9155
9155
9156
9156
9158
9164
9174
9174
9176
9177
9177
9184
9186
9188
9189
9190
9193
9193
9194
9194
9195
9197
9198
9203
9208
9208
9213
9220
9223
9226
9228
9232
9233
9240
9245
9245
9245
9249
9250
9255
9255
9260
9261
9263
9265
9270
9270
9271
9277
9281
9282
9288
9289
9290
9291
9291
9292
9293
9293
9297
9298
9303
9309
9310
9312
9313
9317
9321
9323
9335
9336
9336
9337
9339
9339
9341
9343
9346
9346
9347
9349
9352
9352
9352
9355
9355
9358
9358
9362
9367
9371
9372
9374
9380
9383
9384
9388
9391
9395
9397
9399
9404
9406
9407
9410
9415
9420
9423
9425
9426
9429
9433
9445
9445
9447
9447
9450
9450
9454
9463
9465
9467
9469
9470
9473
9473
9475
9480
9486
9488
9488
9489
9493
9494
9503
9503
9506
9508
9511
9511
9513
9518
9520
9523
9524
9525
9526
9528
9530
9530
9530
9533
9535
9537
9539
9552
9553
9554
9556
9559
9565
9568
9572
9578
9587
9593
9593
9593
9604
9608
9609
9611
9612
9614
9615
9618
9619
9620
9622
9624
9628
9633
9635
9636
9637
9637
9641
9642
9646
9648
9651
9652
9652
9654
9656
9661
9663
9664
9666
9671
9673
9676
9678
9681
9681
9684
9688
9690
9691
9693
9694
9695
9696
9698
9702
9707
9709
9714
9718
9720
9723
9727
9728
9733
9734
9735
9735
9741
9742
9743
9743
9743
9744
9747
9747
9758
9759
9759
9762
9763
9770
9770
9771
9771
9772
9780
9783
9787
9793
9793
9795
9797
9805
9806
9812
9813
9814
9815
9817
9817
9818
9823
9827
9828
9833
9837
9842
9842
9843
9848
9850
9857
9862
9862
9869
9880
9880
9886
9898
9901
9904
9904
9907
9908
9910
9910
9913
9918
9919
9919
9928
9932
9936
9944
9949
9955
9955
9958
9962
9963
9964
9966
9970
9972
9974
9977
9987
9987
9989
9989
9992
9993
9999
9999
10000
10000
10007
10007
10009
10009
10010
10011
10013
10025
10027
10028
10031
10032
10032
10036
10040
10043
10050
10057
10060
10063
10065
10071
10072
10073
10074
10075
10077
10083
10083
10084
10084
10084
10086
10086
10087
10087
10088
10091
10096
10098
10100
10103
10105
10107
10109
10120
10126
10126
10127
10127
10129
10130
10131
10134
10136
10141
10141
10144
10152
10154
10158
10160
10161
10165
10169
10174
10182
10183
10185
10187
10188
10189
10193
10196
10197
10197
10198
10201
10204
10209
10212
10215
10217
10220
10234
10236
10242
10247
10249
10252
10254
10256
10256
10257
10260
10261
10266
10270
10271
10272
10272
10273
10277
10278
10280
10284
10284
10284
10287
10290
10293
10293
10294
10295
10296
10303
10304
10305
10305
10308
10315
10316
10317
10317
10317
10319
10319
10327
10327
10328
10332
10332
10340
10340
10340
10342
10348
10349
10352
10357
10357
10359
10361
10362
10363
10367
10367
10369
10371
10372
10384
10384
10384
10387
10388
10392
10394
10394
10395
10398
10398
10399
10402
10404
10404
10405
10406
10410
10410
10413
10414
10416
10417
10419
10420
10427
10429
10429
10431
10432
10433
10433
10433
10435
10435
10436
10441
10442
10447
10448
10448
10450
10454
10456
10461
10465
10465
10469
10474
10479
10482
10486
10486
10488
10488
10490
10491
10496
10501
10501
10501
10510
10511
10512
10513
10516
10516
10516
10519
10522
10529
10537
10538
10540
10543
10545
10545
10546
10549
10549
10552
10555
10560
10562
10562
10568
10572
10574
10581
10582
10587
10588
10595
10595
10600
10612
10613
10614
10622
10625
10625
10629
10635
10638
10640
10640
10641
10647
10648
10654
10655
10656
10662
10668
10668
10672
10675
10678
10684
10685
10685
10691
10694
10697
10700
10711
10712
10714
10721
10723
10723
10727
10728
10729
10730
10736
10742
10744
10745
10746
10747
10749
10751
10768
10770
10777
10780
10788
10790
10798
10804
10807
10807
10812
10813
10813
10820
10821
10825
10825
10826
10827
10835
10840
10843
10843
10848
10852
10853
10856
10857
10860
10863
10865
10865
10867
10868
10870
10872
10873
10874
10878
10882
10884
10884
10890
10890
10892
10895
10898
10898
10899
10901
10902
10905
10905
10908
10911
10913
10915
10919
10920
10921
10922
10923
10924
10930
10931
10931
10932
10935
10940
10940
10941
10944
10951
10954
10956
10958
10960
10962
10962
10963
10966
10970
10973
10976
10978
10989
10989
10989
11005
11005
11006
11006
11008
11011
11012
11014
11025
11026
11034
11035
11042
11044
11045
11048
11049
11050
11053
11060
11062
11064
11067
11069
11073
11077
11077
11081
11085
11085
11091
11101
11102
11105
11114
11115
11135
11141
11144
11144
11145
11148
11149
11155
11156
11157
11157
11161
11170
11171
11175
11177
11179
11180
11181
11184
11187
11193
11202
11203
11208
11210
11214
11218
11221
11223
11225
11227
11228
11236
11236
11239
11247
11248
11251
11251
11255
11255
11257
11260
11262
11264
11264
11264
11271
11274
11281
11283
11285
11288
11292
11296
11303
11305
11306
11311
11312
11315
11317
11320
11327
11329
11341
11344
11345
11349
11353
11354
11354
11356
11356
11357
11358
11358
11358
11363
11366
11372
11377
11383
11384
11384
11388
11393
11401
11410
11411
11415
11416
11424
11425
11425
11426
11428
11430
11435
11440
11440
11440
11452
11454
11455
11456
11456
11456
11456
11464
11466
11466
11468
11468
11473
11478
11479
11481
11483
11488
11488
11492
11494
11499
11500
11509
11512
11513
11514
11519
11523
11525
11528
11531
11532
11534
11542
11545
11545
11547
11548
11550
11551
11552
11560
11565
11569
11573
11574
11574
11577
11582
11582
11582
11584
11584
11587
11591
11592
11594
11597
11606
11607
11608
11611
11626
11626
11626
11627
11627
11628
11629
11630
11631
11631
11632
11633
11634
11635
11635
11637
11642
11644
11644
11645
11649
11660
11661
11662
11667
11668
11669
11672
11673
11678
11689
11692
11693
11699
11700
11705
11706
11707
11717
11719
11721
11721
11735
11739
11743
11746
11748
11748
11754
11760
11764
11764
11765
11768
11776
11778
11782
11783
11791
11794
11796
11800
11809
11810
11821
11825
11829
11831
11833
11834
11834
11835
11839
11849
11857
11859
11862
11862
11867
11868
11880
11881
11884
11893
11897
11900
11901
11908
11910
11913
11913
11919
11922
11927
11927
11929
11929
11933
11935
11935
11941
11943
11947
11950
11956
11962
11966
11971
11972
11977
11977
11988
11996
12020
12023
12026
12027
12031
12038
12050
12051
12051
12051
12054
12057
12070
12072
12077
12081
12085
12085
12090
12091
12091
12093
12095
12098
12101
12103
12119
12122
12123
12124
12125
12127
12129
12131
12131
12134
12158
12163
12163
12164
12165
12167
12169
12173
12174
12177
12177
12185
12188
12189
12196
12197
12199
12199
12199
12199
12207
12208
12220
12223
12225
12233
12236
12240
12246
12251
12252
12253
12253
12257
12259
12267
12270
12272
12275
12280
12280
12282
12288
12292
12300
12300
12301
12304
12309
12310
12311
12317
12319
12320
12322
12329
12333
12334
12337
12347
12348
12350
12351
12358
12377
12380
12391
12391
12392
12397
12410
12414
12416
12421
12424
12425
12428
12434
12435
12437
12441
12445
12447
12451
12453
12457
12459
12459
12462
12467
12468
12470
12477
12479
12490
12491
12496
12498
12498
12500
12501
12504
12507
12507
12510
12512
12514
12520
12520
12527
12530
12531
12534
12534
12535
12537
12539
12543
12546
12550
12552
12556
12556
12557
12562
12562
12568
12573
12574
12574
12580
12581
12586
12594
12595
12597
12600
12609
12613
12619
12622
12625
12634
12636
12636
12638
12642
12643
12643
12654
12657
12662
12664
12672
12674
12683
12683
12683
12684
12696
12697
12708
12710
12717
12718
12721
12722
12727
12727
12732
12734
12736
12747
12747
12750
12754
12754
12761
12761
12763
12763
12782
12783
12786
12803
12806
12806
12807
12808
12811
12814
12814
12814
12816
12822
12827
12828
12839
12852
12853
12854
12855
12860
12861
12862
12863
12865
12866
12866
12867
12869
12879
12884
12889
12902
12902
12903
12908
12918
12918
12918
12920
12923
12925
12925
12928
12935
12935
12942
12945
12952
12953
12956
12957
12962
12963
12964
12968
12968
12970
12975
12976
12983
12989
13000
13001
13006
13010
13017
13021
13021
13024
13025
13025
13028
13033
13035
13036
13036
13040
13044
13049
13050
13054
13058
13060
13061
13064
13068
13086
13086
13089
13095
13097
13099
13100
13100
13105
13110
13111
13124
13129
13132
13138
13139
13146
13149
13150
13156
13179
13181
13185
13186
13192
13203
13207
13211
13216
13220
13221
13224
13229
13231
13233
13233
13234
13237
13241
13244
13246
13249
13253
13259
13259
13262
13266
13272
13278
13278
13287
13301
13305
13305
13307
13309
13318
13320
13324
13335
13340
13342
13344
13344
13352
13355
13362
13362
13365
13370
13380
13380
13381
13383
13383
13398
13404
13408
13410
13419
13419
13422
13427
13428
13430
13432
13433
13434
13441
13444
13446
13447
13455
13457
13458
13459
13460
13467
13482
13483
13486
13488
13489
13492
13493
13498
13507
13523
13524
13525
13525
13532
13540
13541
13542
13542
13549
13551
13554
13555
13557
13559
13559
13564
13565
13567
13570
13570
13571
13574
13574
13578
13583
13584
13585
13595
13596
13599
13601
13605
13610
13612
13613
13619
13621
13624
13624
13629
13632
13633
13636
13643
13651
13657
13663
13664
13672
13673
13674
13680
13684
13685
13687
13688
13688
13693
13696
13704
13708
13710
13716
13723
13725
13725
13734
13735
13736
13738
13740
13745
13751
13752
13755
13760
13760
13764
13767
13768
13770
13770
13771
13772
13775
13780
13791
13796
13798
13805
13806
13807
13807
13807
13810
13811
13822
13825
13826
13836
13836
13836
13843
13844
13844
13859
13862
13864
13867
13868
13877
13878
13879
13880
13884
13886
13891
13891
13896
13899
13900
13901
13906
13911
13922
13927
13929
13935
13946
13949
13949
13949
13951
13954
13963
13967
13970
13978
13979
13987
13989
13991
13993
14010
14011
14012
14017
14033
14039
14045
14048
14050
14053
14063
14066
14075
14078
14087
14093
14104
14107
14109
14126
14127
14127
14128
14128
14131
14132
14142
14155
14157
14162
14162
14168
14170
14181
14194
14198
14199
14199
14201
14202
14207
14210
14214
14220
14221
14221
14226
14228
14230
14234
14234
14236
14246
14248
14251
14252
14272
14274
14275
14278
14280
14295
14297
14299
14300
14303
14308
14308
14309
14309
14315
14320
14330
14341
14342
14343
14343
14344
14351
14356
14364
14365
14370
14373
14401
14404
14405
14407
14416
14417
14421
14424
14437
14437
14440
14441
14441
14443
14444
14446
14457
14460
14460
14462
14467
14470
14472
14477
14478
14481
14482
14483
14493
14495
14506
14509
14511
14513
14515
14518
14518
14521
14530
14536
14539
14545
14549
14549
14557
14585
14585
14587
14591
14597
14600
14606
14607
14612
14616
14630
14633
14636
14637
14642
14652
14653
14660
14665
14665
14666
14675
14678
14679
14682
14686
14689
14689
14690
14692
14695
14700
14701
14713
14714
14714
14716
14736
14737
14738
14739
14744
14744
14746
14749
14752
14761
14763
14763
14768
14778
14786
14791
14806
14808
14809
14810
14820
14827
14828
14829
14829
14839
14846
14848
14854
14855
14856
14857
14866
14871
14872
14872
14876
14880
14881
14883
14896
14907
14909
14909
14916
14919
14921
14926
14931
14937
14938
14959
14963
14964
14966
14967
14972
14974
14976
14977
14982
14993
14993
15001
15005
15016
15016
15019
15029
15030
15042
15049
15049
15051
15052
15053
15054
15056
15062
15062
15064
15065
15067
15070
15071
15072
15083
15086
15096
15102
15109
15112
15117
15117
15120
15125
15132
15133
15139
15142
15165
15171
15171
15180
15190
15191
15191
15192
15199
15206
15214
15218
15223
15225
15226
15237
15241
15243
15244
15256
15258
15265
15270
15275
15286
15289
15306
15309
15309
15316
15319
15325
15325
15333
15336
15342
15344
15347
15349
15352
15352
15356
15357
15358
15364
15364
15365
15370
15377
15382
15382
15391
15393
15398
15405
15407
15410
15414
15421
15429
15433
15434
15434
15435
15438
15438
15445
15448
15449
15452
15453
15467
15467
15479
15479
15492
15493
15496
15502
15507
15512
15515
15521
15527
15527
15530
15532
15537
15538
15540
15543
15546
15548
15562
15568
15571
15572
15573
15575
15577
15585
15586
15586
15586
15588
15592
15594
15602
15612
15613
15634
15634
15639
15651
15651
15661
15664
15666
15666
15668
15683
15699
15703
15715
15722
15734
15737
15738
15741
15742
15747
15749
15749
15750
15750
15751
15753
15758
15760
15767
15769
15795
15798
15816
15821
15839
15844
15853
15857
15859
15860
15861
15861
15870
15871
15894
15903
15904
15906
15908
15910
15911
15918
15923
15923
15935
15935
15938
15945
15946
15950
15950
15963
15966
15971
15979
15980
15981
15990
15990
15993
15996
15999
16000
16005
16006
16010
16012
16014
16015
16021
16023
16027
16038
16040
16042
16046
16057
16057
16062
16062
16064
16064
16065
16069
16069
16077
16080
16081
16081
16082
16085
16089
16097
16111
16111
16115
16116
16116
16127
16129
16131
16131
16133
16135
16135
16137
16142
16144
16146
16160
16161
16161
16165
16168
16178
16184
16187
16189
16196
16207
16213
16216
16216
16217
16226
16229
16229
16233
16235
16236
16242
16243
16247
16260
16263
16272
16275
16278
16289
16303
16315
16316
16318
16346
16351
16357
16366
16380
16392
16394
16409
16411
16417
16419
16424
16433
16434
16456
16459
16460
16470
16471
16472
16475
16475
16479
16484
16488
16490
16490
16502
16509
16516
16517
16518
16518
16531
16532
16541
16581
16590
16601
16601
16602
16608
16616
16617
16619
16620
16625
16627
16627
16628
16641
16647
16650
16650
16650
16651
16653
16668
16668
16673
16674
16683
16685
16686
16691
16703
16705
16706
16707
16715
16736
16738
16741
16745
16757
16759
16761
16761
16771
16772
16773
16783
16783
16799
16800
16804
16805
16809
16816
16817
16817
16821
16830
16842
16843
16866
16881
16882
16883
16886
16888
16889
16889
16890
16890
16899
16900
16900
16914
16926
16933
16939
16939
16946
16962
16971
16973
16981
16992
17027
17028
17028
17032
17034
17036
17038
17040
17041
17044
17044
17045
17050
17056
17057
17060
17068
17069
17075
17079
17088
17093
17096
17101
17108
17109
17115
17120
17121
17124
17132
17144
17151
17155
17157
17160
17160
17163
17169
17169
17172
17176
17179
17185
17186
17189
17199
17204
17210
17211
17214
17224
17231
17236
17239
17251
17252
17256
17260
17261
17264
17266
17269
17270
17279
17280
17294
17301
17319
17320
17339
17347
17347
17347
17353
17358
17372
17376
17378
17389
17390
17406
17406
17410
17416
17417
17418
17421
17423
17426
17430
17430
17441
17442
17459
17460
17467
17474
17476
17479
17485
17487
17488
17490
17493
17494
17497
17505
17514
17518
17520
17524
17526
17551
17552
17557
17579
17595
17600
17603
17605
17606
17606
17613
17620
17621
17630
17639
17640
17647
17655
17661
17662
17664
17666
17670
17688
17689
17692
17696
17700
17706
17710
17719
17724
17730
17738
17738
17742
17745
17747
17748
17749
17760
17761
17764
17766
17772
17780
17780
17786
17787
17791
17801
17807
17816
17826
17834
17845
17849
17849
17864
17866
17870
17877
17884
17890
17894
17894
17897
17902
17903
17904
17907
17912
17913
17914
17922
17923
17925
17928
17930
17943
17958
17961
17971
17972
17974
17976
17977
17986
17997
18002
18003
18007
18007
18009
18028
18033
18043
18046
18047
18048
18048
18050
18051
18052
18059
18060
18064
18069
18074
18083
18084
18096
18106
18119
18125
18138
18140
18149
18149
18151
18158
18160
18168
18179
18191
18194
18196
18211
18221
18228
18229
18248
18251
18256
18268
18268
18268
18269
18270
18271
18271
18284
18288
18289
18291
18292
18293
18296
18301
18301
18303
18313
18316
18320
18321
18325
18328
18336
18358
18359
18369
18380
18384
18387
18388
18389
18397
18398
18398
18398
18404
18407
18412
18413
18414
18428
18437
18439
18441
18446
18448
18452
18462
18463
18465
18470
18476
18483
18483
18486
18491
18527
18529
18536
18541
18544
18549
18557
18561
18562
18565
18565
18576
18578
18583
18590
18591
18593
18598
18610
18614
18617
18618
18619
18635
18637
18643
18647
18659
18662
18665
18668
18689
18689
18693
18694
18696
18705
18705
18706
18718
18718
18719
18720
18721
18722
18739
18746
18747
18752
18754
18764
18777
18781
18787
18790
18795
18804
18806
18815
18817
18832
18832
18836
18841
18844
18844
18845
18847
18847
18848
18852
18872
18879
18879
18884
18914
18924
18930
18931
18932
18938
18946
18948
18953
18955
18958
18961
18965
18967
18984
18989
18996
18996
19006
19009
19012
19015
19026
19029
19035
19047
19056
19063
19068
19091
19095
19096
19105
19112
19115
19116
19127
19129
19143
19147
19160
19165
19170
19174
19192
19201
19202
19214
19224
19228
19236
19240
19245
19251
19255
19259
19259
19291
19295
19299
19301
19308
19313
19313
19315
19326
19350
19356
19379
19379
19384
19389
19392
19401
19403
19403
19407
19410
19413
19415
19416
19426
19428
19430
19443
19444
19463
19477
19477
19478
19478
19485
19495
19502
19514
19517
19525
19526
19527
19527
19536
19544
19547
19547
19552
19552
19569
19570
19571
19571
19582
19583
19601
19626
19629
19655
19658
19659
19659
19661
19664
19669
19669
19671
19674
19678
19682
19687
19692
19703
19704
19710
19720
19728
19741
19744
19750
19753
19756
19761
19762
19766
19767
19768
19770
19784
19797
19800
19807
19811
19816
19817
19826
19829
19833
19850
19851
19863
19868
19874
19876
19881
19884
19885
19889
19890
19892
19892
19905
19908
19908
19913
19916
19919
19923
19939
19940
19947
19950
19963
19969
19972
19977
19981
19986
19988
20003
20004
20012
20021
20046
20047
20048
20062
20062
20063
20076
20077
20082
20086
20091
20096
20097
20115
20139
20140
20146
20148
20160
20162
20171
20178
20180
20184
20193
20201
20213
20216
20220
20225
20227
20250
20254
20255
20256
20261
20262
20268
20268
20271
20272
20273
20282
20285
20302
20309
20318
20324
20326
20326
20335
20374
20379
20379
20385
20390
20392
20399
20408
20410
20412
20415
20428
20428
20431
20438
20446
20446
20450
20456
20458
20467
20473
20474
20474
20475
20480
20483
20487
20492
20531
20542
20546
20554
20555
20560
20561
20563
20572
20579
20580
20588
20589
20591
20591
20592
20616
20619
20625
20639
20652
20653
20655
20658
20661
20672
20678
20681
20683
20691
20693
20708
20709
20730
20732
20760
20766
20769
20787
20789
20797
20808
20809
20814
20840
20862
20866
20870
20870
20871
20873
20878
20880
20882
20884
20887
20902
20906
20913
20914
20919
20952
20958
20972
21004
21005
21010
21013
21014
21015
21015
21017
21023
21025
21055
21062
21062
21063
21074
21086
21094
21096
21097
21111
21113
21126
21127
21128
21133
21146
21146
21146
21154
21156
21160
21164
21166
21182
21188
21190
21205
21215
21218
21222
21235
21236
21237
21241
21251
21273
21281
21282
21290
21294
21306
21316
21324
21328
21332
21333
21337
21345
21346
21359
21362
21370
21371
21373
21381
21384
21386
21408
21409
21415
21419
21432
21441
21441
21444
21451
21453
21476
21480
21490
21494
21497
21503
21504
21507
21517
21517
21520
21530
21545
21545
21551
21553
21572
21573
21583
21585
21586
21588
21590
21590
21591
21599
21600
21609
21627
21627
21634
21641
21644
21648
21651
21653
21654
21657
21665
21665
21669
21671
21673
21675
21684
21690
21691
21700
21706
21721
21722
21723
21740
21753
21763
21765
21776
21785
21793
21796
21800
21801
21813
21832
21843
21844
21847
21859
21860
21869
21874
21878
21879
21886
21887
21891
21899
21900
21903
21910
21912
21913
21914
21920
21920
21926
21927
21940
21941
21942
21947
21955
21956
21983
21990
21999
22001
22015
22015
22016
22026
22037
22044
22050
22056
22070
22070
22073
22096
22101
22108
22116
22119
22120
22121
22146
22149
22156
22167
22169
22178
22199
22200
22200
22213
22225
22234
22237
22240
22240
22244
22252
22253
22258
22259
22270
22272
22279
22284
22303
22314
22315
22326
22337
22344
22349
22353
22359
22361
22363
22401
22408
22414
22414
22445
22457
22460
22476
22479
22483
22505
22523
22552
22552
22558
22593
22614
22616
22625
22626
22628
22639
22640
22654
22658
22694
22698
22706
22722
22728
22729
22732
22747
22748
22749
22756
22761
22765
22769
22771
22772
22773
22781
22790
22802
22810
22810
22837
22840
22849
22852
22853
22854
22861
22865
22867
22871
22874
22884
22911
22924
22932
22956
22958
22961
22964
22980
22980
22992
23025
23028
23050
23050
23058
23069
23076
23096
23097
23109
23114
23116
23124
23130
23131
23137
23139
23147
23147
23161
23163
23165
23170
23170
23179
23184
23186
23189
23190
23194
23207
23210
23216
23217
23223
23258
23260
23266
23299
23309
23311
23317
23331
23336
23337
23340
23342
23348
23360
23363
23366
23370
23370
23379
23402
23415
23437
23447
23454
23459
23459
23469
23470
23472
23475
23477
23477
23483
23502
23502
23507
23509
23510
23519
23522
23530
23531
23548
23552
23577
23602
23603
23609
23614
23616
23630
23633
23634
23634
23658
23662
23663
23684
23741
23742
23781
23785
23794
23808
23813
23858
23862
23866
23869
23877
23889
23905
23911
23926
23928
23936
23943
23958
23965
23968
23969
23971
23974
23977
23980
23986
23987
24001
24006
24009
24014
24016
24017
24018
24020
24030
24030
24031
24042
24044
24065
24067
24069
24104
24119
24121
24132
24133
24142
24147
24157
24163
24166
24172
24174
24174
24184
24188
24213
24214
24240
24242
24264
24270
24277
24280
24283
24289
24297
24340
24355
24357
24368
24368
24373
24380
24380
24383
24388
24409
24412
24423
24426
24437
24440
24441
24444
24448
24461
24472
24475
24483
24494
24494
24509
24517
24531
24545
24551
24552
24555
24561
24561
24562
24565
24571
24582
24590
24597
24603
24608
24609
24611
24615
24617
24623
24627
24632
24632
24644
24669
24675
24678
24679
24680
24696
24698
24701
24705
24746
24768
24772
24777
24784
24797
24815
24836
24849
24881
24884
24911
24912
24913
24928
24961
24985
24997
24999
25003
25006
25006
25008
25014
25023
25025
25030
25037
25046
25048
25051
25063
25064
25066
25068
25069
25084
25085
25098
25106
25107
25119
25126
25142
25145
25145
25152
25155
25164
25173
25184
25186
25191
25195
25197
25205
25208
25208
25220
25234
25237
25241
25241
25252
25265
25266
25272
25276
25288
25291
25292
25293
25315
25322
25330
25337
25347
25354
25355
25356
25365
25368
25386
25410
25410
25418
25418
25423
25432
25438
25459
25499
25512
25522
25531
25534
25559
25568
25571
25583
25622
25663
25678
25684
25684
25691
25692
25695
25705
25707
25708
25721
25724
25734
25761
25765
25784
25786
25825
25877
25878
25892
25902
25915
25919
25932
25933
25943
25953
25955
25960
25969
25977
25992
25994
26000
26009
26030
26052
26054
26061
26064
26065
26071
26110
26121
26125
26126
26147
26163
26201
26206
26210
26217
26226
26228
26232
26237
26238
26242
26251
26257
26258
26271
26271
26280
26283
26317
26320
26324
26324
26335
26356
26368
26369
26381
26382
26382
26385
26385
26387
26395
26398
26399
26404
26407
26424
26437
26440
26457
26459
26462
26498
26507
26508
26521
26534
26539
26543
26544
26561
26563
26563
26564
26572
26574
26599
26601
26604
26608
26640
26650
26660
26663
26694
26725
26759
26761
26775
26792
26814
26818
26852
26853
26857
26859
26864
26867
26881
26883
26885
26886
26901
26909
26916
26918
26920
26962
26963
26977
26983
27014
27014
27022
27056
27060
27065
27085
27088
27089
27093
27116
27117
27123
27132
27140
27143
27148
27160
27166
27189
27195
27195
27195
27238
27239
27242
27248
27249
27323
27346
27356
27357
27386
27394
27411
27426
27433
27437
27458
27458
27469
27481
27499
27505
27507
27513
27518
27531
27555
27574
27575
27593
27594
27627
27630
27637
27639
27645
27648
27659
27661
27665
27668
27685
27688
27710
27720
27732
27737
27740
27742
27763
27773
27774
27780
27782
27789
27808
27816
27836
27864
27866
27875
27885
27890
27893
27895
27908
27921
27930
27930
27932
27941
27960
27963
27973
27974
27985
27990
27997
28023
28029
28031
28038
28051
28063
28107
28121
28125
28184
28219
28225
28240
28241
28245
28274
28282
28327
28336
28341
28343
28343
28360
28367
28379
28388
28392
28394
28403
28405
28406
28442
28443
28444
28454
28471
28478
28480
28483
28505
28512
28538
28545
28548
28548
28562
28589
28590
28605
28607
28611
28613
28614
28680
28680
28687
28705
28717
28784
28812
28818
28832
28836
28858
28868
28873
28876
28882
28901
28906
28918
28928
28936
28941
28942
28943
28944
28950
28951
28964
28971
28996
29010
29017
29033
29037
29037
29041
29045
29057
29060
29066
29082
29083
29083
29083
29135
29167
29171
29180
29188
29190
29205
29231
29236
29242
29248
29251
29258
29260
29270
29291
29301
29304
29317
29335
29357
29358
29366
29403
29407
29425
29451
29456
29472
29479
29493
29506
29507
29542
29550
29565
29566
29566
29572
29573
29579
29584
29601
29644
29652
29660
29670
29671
29678
29685
29697
29721
29723
29733
29741
29748
29758
29763
29766
29768
29768
29769
29773
29777
29820
29855
29858
29873
29875
29883
29885
29899
29954
29979
29992
29995
30012
30037
30049
30071
30073
30087
30093
30112
30120
30152
30153
30158
30167
30188
30200
30201
30236
30254
30276
30281
30305
30324
30344
30361
30377
30388
30391
30420
30423
30430
30455
30463
30505
30514
30519
30538
30539
30562
30583
30585
30614
30627
30638
30640
30663
30668
30672
30694
30727
30747
30751
30755
30757
30774
30775
30777
30778
30789
30811
30814
30817
30826
30841
30874
30879
30882
30886
30886
30890
30921
30931
30934
30979
30989
31003
31015
31015
31027
31043
31048
31051
31056
31065
31069
31097
31112
31123
31131
31146
31151
31156
31163
31167
31184
31189
31209
31234
31240
31255
31264
31307
31310
31313
31338
31340
31366
31390
31390
31406
31413
31423
31436
31436
31482
31482
31495
31506
31538
31540
31550
31552
31564
31570
31579
31583
31585
31590
31591
31613
31619
31668
31670
31694
31701
31710
31747
31753
31769
31800
31804
31815
31921
31933
31948
31977
31982
32012
32022
32041
32042
32054
32056
32063
32068
32069
32085
32088
32089
32101
32102
32121
32132
32145
32180
32183
32203
32228
32244
32250
32257
32261
32268
32304
32307
32315
32316
32319
32321
32321
32326
32369
32370
32377
32379
32405
32407
32411
32430
32450
32474
32474
32493
32497
32504
32509
32517
32521
32532
32554
32555
32596
32598
32599
32613
32613
32615
32632
32636
32638
32645
32683
32692
32694
32705
32706
32708
32724
32727
32736
32741
32760
32788
32811
32835
32856
32856
32880
32886
32891
32903
32912
32915
32916
32921
32931
32963
32976
32994
33005
33030
33036
33037
33043
33075
33076
33128
33168
33176
33181
33184
33202
33205
33211
33226
33240
33248
33250
33255
33299
33313
33315
33347
33359
33378
33385
33386
33395
33408
33423
33451
33471
33483
33509
33540
33545
33563
33566
33579
33595
33600
33613
33615
33620
33621
33648
33654
33672
33685
33693
33699
33702
33703
33723
33729
33732
33755
33756
33770
33809
33810
33826
33845
33847
33876
33918
33947
33947
33982
33989
34005
34009
34018
34046
34054
34063
34080
34082
34093
34125
34130
34171
34182
34209
34211
34212
34215
34248
34297
34303
34310
34314
34322
34323
34325
34376
34386
34411
34423
34423
34465
34530
34535
34568
34578
34600
34621
34650
34652
34668
34683
34700
34738
34741
34751
34751
34780
34782
34790
34795
34801
34859
34860
34862
34867
34870
34877
34882
34892
34956
34957
34981
35038
35072
35094
35120
35170
35178
35188
35191
35202
35204
35263
35319
35326
35343
35401
35410
35439
35471
35478
35485
35495
35506
35510
35519
35549
35568
35597
35603
35604
35618
35632
35640
35645
35679
35754
35759
35769
35826
35833
35883
35895
35899
35914
35934
35968
35973
35990
36005
36008
36014
36054
36063
36067
36117
36134
36165
36176
36210
36227
36236
36249
36250
36309
36317
36339
36377
36404
36419
36451
36455
36460
36468
36471
36491
36563
36565
36570
36597
36629
36631
36654
36660
36709
36713
36714
36733
36753
36760
36760
36805
36809
36912
36931
36932
36965
37002
37014
37015
37023
37060
37080
37088
37134
37167
37180
37181
37183
37187
37187
37199
37263
37292
37293
37371
37408
37454
37532
37556
37571
37602
37615
37629
37630
37638
37699
37766
37795
37802
37838
37863
37868
37870
37872
37878
37911
37922
37932
37933
37938
37943
37950
37970
37970
37995
38033
38047
38053
38065
38095
38122
38167
38183
38222
38292
38326
38363
38411
38429
38434
38449
38452
38483
38485
38489
38513
38522
38539
38539
38548
38561
38577
38584
38586
38653
38710
38761
38769
38778
38779
38856
38867
38918
38932
38935
38940
38945
39013
39026
39032
39039
39058
39065
39175
39178
39208
39210
39227
39254
39284
39290
39307
39335
39345
39358
39373
39381
39385
39388
39433
39445
39470
39494
39506
39509
39539
39601
39601
39615
39620
39620
39692
39701
39719
39744
39765
39787
39879
39907
39913
39916
39917
39929
39944
39963
39982
40009
40016
40115
40127
40162
40170
40172
40201
40226
40354
40403
40408
40429
40432
40460
40510
40512
40546
40558
40558
40565
40586
40617
40646
40687
40718
40764
40776
40785
40851
40880
40881
41042
41085
41093
41134
41145
41146
41172
41204
41216
41351
41375
41394
41423
41436
41483
41485
41504
41545
41576
41599
41646
41683
41724
41746
41753
41762
41775
41804
41847
41891
41924
41933
41966
41987
41989
42012
42035
42090
42121
42155
42190
42207
42217
42224
42239
42244
42300
42328
42340
42371
42392
42397
42549
42550
42552
42598
42638
42710
42732
42733
42737
42775
42786
42837
42838
42869
42945
42960
42977
43032
43085
43097
43101
43112
43182
43272
43274
43329
43383
43473
43475
43523
43554
43668
43673
43694
43701
43897
43908
43913
43933
43947
43984
44005
44047
44062
44086
44107
44208
44276
44340
44364
44384
44395
44402
44466
44473
44499
44531
44546
44576
44663
44721
44778
44790
44828
44911
44911
44922
44926
44943
45016
45098
45105
45157
45178
45201
45232
45259
45323
45388
45390
45436
45445
45470
45479
45482
45544
45548
45705
45745
45759
45905
45968
45983
46000
46083
46091
46134
46166
46168
46187
46287
46329
46344
46378
46378
46398
46467
46518
46538
46591
46622
46656
46693
46774
46785
46794
46889
46917
46957
47015
47082
47121
47128
47142
47203
47216
47286
47308
47429
47498
47523
47625
47738
47830
47869
47902
47912
47943
47995
48088
48181
48288
48367
48448
48464
48533
48562
48585
48608
48623
48627
48638
48672
48673
48685
48700
48759
48765
48848
48852
48857
49035
49089
49174
49237
49243
49329
49354
49386
49396
49422
49534
49552
49579
49594
49595
49611
49667
49680
49725
49795
49812
49885
49958
49961
50031
50032
50254
50280
50304
50348
50349
50434
50444
50519
50721
50766
50774
50792
50831
50860
50878
50906
50923
50932
50956
50957
50960
51103
51111
51132
51142
51154
51231
51246
51278
51401
51464
51473
51522
51551
51575
51676
51684
51790
51799
51808
51947
51963
51967
52058
52174
52195
52367
52401
52415
52517
52536
52606
52607
52630
52659
52795
52812
52827
52961
53188
53251
53269
53308
53358
53561
53594
53664
53703
53714
53828
53873
53887
54166
54202
54251
54257
54320
54376
54384
54386
54404
54431
54468
54476
54480
54487
54527
54528
54555
54614
54620
54860
55093
55264
55280
55420
55501
55559
55657
55686
55689
55707
55726
55912
55947
56073
56115
56141
56158
56175
56238
56243
56302
56381
56421
56450
56481
56552
56557
56571
56608
56689
56796
56799
56821
56846
57093
57099
57120
57123
57214
57296
57407
57514
57638
57661
57801
58013
58127
58145
58168
58302
58354
58527
58728
58844
58859
59100
59119
59203
59276
59513
59622
60109
60180
60298
60450
60463
60508
60510
60543
60647
60658
60671
60752
60769
60827
60868
60969
61092
61247
61386
61404
61436
61499
61578
61653
61942
62018
62203
62263
62395
62397
62427
62474
62539
62689
62755
62835
62872
63170
63246
63445
63632
63737
63975
63982
64029
64181
64186
64366
64549
64563
64591
64655
64731
64769
64770
65256
65361
65371
65394
65424
66238
66373
66400
66431
66902
66942
67198
67243
67431
67478
67514
67898
68453
68685
68804
69002
69489
69650
69798
70232
70340
70413
70713
71047
71411
72160
72621
72635
72742
72905
73050
73253
73458
73891
73914
74301
75295
75349
75802
75922
76100
76378
76658
78235
79053
79123
80064
80874
82697
82941
83482
83727
84590
85014
85132
85926
86325
86369
86490
89832
91851
93256
96026
98925
104292
105206
106690
111617