# Longevidade
0
150
159
173
195
196
198
209
217
221
224
230
232
263
264
268
275
280
284
288
293
294
297
299
299
303
314
316
317
329
331
335
338
339
340
346
350
352
355
356
361
364
365
367
367
375
375
378
387
389
390
395
403
403
408
411
417
417
419
420
420
421
422
424
428
431
432
433
437
438
444
448
448
449
451
452
454
456
458
462
463
464
468
471
473
473
474
474
475
478
481
481
483
484
487
487
487
488
499
503
504
507
511
511
517
522
523
526
529
529
536
541
542
544
544
547
547
548
550
551
556
558
561
561
562
563
566
573
574
574
580
582
587
588
589
590
592
609
609
611
614
618
618
620
623
624
625
628
631
632
632
632
634
634
638
640
641
641
641
641
644
646
649
650
650
650
655
659
661
663
663
670
676
681
681
686
686
686
699
700
708
710
710
710
715
720
724
730
731
734
734
735
738
739
741
743
743
744
744
745
746
753
758
759
761
763
763
765
765
769
770
771
775
777
777
781
784
788
790
793
795
802
806
807
809
811
818
820
822
824
826
830
835
836
838
838
840
844
848
850
854
856
857
859
859
863
868
870
871
872
875
876
877
879
884
891
892
893
896
902
904
909
909
913
913
914
914
914
920
922
930
934
934
934
937
947
949
949
950
954
957
968
972
975
975
978
979
981
985
987
988
991
994
994
1000
1001
1002
1009
1010
1013
1013
1016
1017
1024
1029
1030
1031
1034
1039
1041
1043
1048
1049
1051
1054
1054
1055
1057
1058
1061
1064
1067
1069
1072
1074
1075
1080
1083
1084
1086
1086
1089
1089
1094
1095
1095
1096
1100
1107
1108
1115
1122
1123
1125
1130
1130
1130
1131
1135
1141
1153
1155
1158
1161
1162
1167
1168
1173
1175
1178
1182
1185
1188
1193
1195
1196
1199
1200
1202
1203
1203
1205
1207
1207
1208
1208
1209
1216
1221
1225
1227
1229
1238
1241
1243
1246
1246
1254
1259
1259
1261
1262
1262
1263
1265
1270
1275
1277
1279
1281
1282
1283
1289
1293
1294
1298
1303
1305
1305
1308
1309
1309
1310
1311
1318
1319
1320
1323
1326
1328
1331
1333
1334
1335
1338
1347
1351
1354
1361
1363
1369
1371
1372
1374
1379
1386
1386
1388
1388
1395
1396
1398
1405
1407
1407
1409
1410
1412
1413
1415
1416
1417
1421
1424
1434
1435
1439
1441
1448
1451
1453
1457
1459
1464
1468
1469
1472
1474
1476
1478
1480
1484
1485
1486
1488
1488
1489
1492
1494
1496
1497
1497
1502
1505
1507
1508
1514
1517
1519
1519
1521
1525
1531
1532
1537
1541
1546
1547
1562
1563
1564
1565
1565
1570
1571
1573
1575
1578
1585
1585
1587
1600
1603
1605
1609
1610
1614
1629
1632
1633
1636
1636
1638
1647
1650
1653
1656
1657
1657
1661
1664
1667
1668
1668
1672
1674
1676
1681
1682
1693
1698
1705
1707
1714
1718
1727
1732
1732
1735
1736
1737
1740
1760
1763
1775
1775
1776
1783
1786
1794
1798
1800
1802
1804
1804
1805
1806
1806
1810
1812
1812
1816
1824
1824
1831
1836
1851
1853
1860
1861
1863
1867
1869
1877
1880
1882
1884
1888
1889
1889
1889
1889
1890
1898
1900
1907
1908
1914
1915
1916
1916
1918
1920
1920
1928
1929
1932
1933
1938
1939
1940
1942
1948
1950
1950
1951
1958
1962
1963
1966
1972
1973
1975
1975
1975
1979
1980
1983
1988
1991
1994
1995
1997
2002
2003
2003
2009
2010
2014
2025
2030
2031
2032
2034
2035
2037
2043
2045
2049
2056
2062
2067
2070
2071
2079
2084
2086
2088
2090
2096
2099
2099
2100
2105
2105
2112
2118
2121
2124
2129
2132
2134
2135
2135
2145
2147
2164
2168
2176
2183
2197
2201
2206
2208
2208
2210
2211
2216
2218
2219
2219
2225
2233
2237
2245
2253
2257
2259
2260
2261
2262
2269
2269
2275
2275
2280
2283
2285
2289
2290
2291
2295
2296
2297
2297
2304
2305
2307
2310
2323
2325
2326
2333
2335
2335
2335
2339
2343
2344
2350
2350
2352
2354
2356
2361
2362
2368
2372
2380
2382
2387
2387
2388
2390
2392
2394
2396
2400
2400
2400
2401
2403
2409
2416
2421
2423
2424
2433
2444
2444
2447
2451
2453
2453
2453
2457
2459
2461
2464
2465
2468
2468
2471
2471
2471
2477
2477
2481
2482
2486
2486
2490
2492
2495
2499
2506
2507
2507
2507
2510
2515
2518
2519
2519
2521
2522
2524
2527
2527
2532
2535
2536
2541
2545
2549
2552
2555
2558
2561
2566
2569
2571
2571
2576
2582
2584
2593
2596
2598
2599
2601
2601
2602
2603
2610
2610
2611
2612
2613
2614
2618
2618
2618
2620
2621
2622
2624
2631
2639
2642
2654
2655
2658
2659
2664
2666
2667
2671
2677
2684
2695
2700
2703
2711
2712
2715
2717
2719
2721
2722
2724
2730
2731
2732
2732
2733
2735
2740
2746
2746
2753
2754
2756
2760
2762
2764
2770
2775
2777
2778
2779
2786
2786
2788
2789
2790
2790
2798
2800
2806
2810
2812
2817
2822
2826
2830
2832
2833
2838
2838
2843
2844
2844
2852
2852
2852
2855
2858
2858
2858
2858
2860
2866
2867
2876
2880
2882
2885
2890
2890
2897
2903
2911
2912
2914
2916
2917
2921
2924
2925
2926
2926
2929
2931
2931
2940
2941
2945
2951
2959
2959
2967
2974
2979
2980
2984
2985
2985
2988
2993
3000
3000
3000
3002
3017
3021
3023
3023
3032
3035
3035
3047
3047
3049
3058
3064
3071
3075
3077
3079
3087
3089
3090
3093
3095
3101
3102
3103
3108
3112
3113
3119
3120
3123
3123
3126
3128
3135
3136
3139
3139
3139
3139
3140
3150
3152
3152
3153
3156
3157
3157
3163
3168
3169
3182
3185
3188
3190
3192
3193
3204
3206
3207
3209
3210
3212
3216
3220
3227
3228
3229
3232
3236
3237
3240
3242
3242
3243
3246
3249
3255
3257
3266
3269
3270
3275
3277
3279
3279
3290
3292
3293
3294
3294
3300
3306
3310
3311
3317
3319
3319
3326
3327
3328
3331
3331
3333
3342
3343
3344
3346
3350
3350
3352
3362
3364
3370
3373
3374
3381
3381
3387
3393
3394
3396
3396
3398
3399
3399
3399
3412
3412
3412
3420
3421
3425
3427
3427
3430
3443
3448
3448
3448
3450
3452
3456
3458
3462
3464
3467
3468
3473
3475
3479
3480
3481
3485
3485
3485
3498
3499
3500
3500
3500
3501
3503
3503
3508
3511
3519
3519
3521
3523
3524
3525
3528
3532
3536
3537
3539
3545
3546
3549
3554
3556
3561
3562
3566
3572
3572
3573
3575
3576
3577
3579
3579
3581
3581
3587
3589
3600
3603
3612
3615
3618
3623
3631
3632
3637
3644
3659
3661
3665
3668
3668
3676
3695
3699
3702
3707
3717
3718
3718
3723
3724
3725
3725
3726
3727
3727
3727
3745
3748
3751
3751
3752
3752
3762
3764
3774
3778
3779
3784
3785
3787
3792
3797
3797
3800
3800
3800
3810
3813
3814
3814
3821
3824
3827
3829
3831
3838
3838
3839
3841
3843
3844
3852
3861
3862
3866
3875
3876
3877
3883
3883
3886
3891
3898
3900
3900
3906
3912
3926
3931
3932
3934
3934
3940
3943
3947
3949
3949
3952
3958
3959
3961
3964
3966
3972
3976
3976
3976
3981
3985
3986
3987
3998
3998
4002
4002
4005
4007
4011
4015
4016
4022
4025
4029
4054
4056
4063
4070
4070
4075
4077
4083
4094
4097
4098
4100
4102
4105
4106
4108
4113
4114
4125
4127
4132
4136
4137
4138
4138
4138
4144
4149
4150
4158
4161
4166
4168
4170
4172
4181
4195
4198
4199
4207
4209
4220
4237
4238
4241
4243
4243
4244
4247
4249
4250
4253
4255
4257
4259
4259
4259
4266
4269
4275
4277
4278
4284
4290
4294
4301
4315
4318
4328
4331
4335
4343
4348
4351
4355
4355
4359
4359
4361
4366
4368
4375
4378
4378
4385
4385
4386
4390
4392
4394
4404
4407
4409
4409
4416
4420
4423
4427
4427
4427
4428
4429
4436
4436
4436
4440
4450
4464
4470
4470
4473
4478
4482
4489
4492
4494
4497
4502
4506
4506
4507
4507
4508
4509
4511
4511
4512
4515
4515
4520
4525
4532
4532
4532
4537
4538
4539
4547
4550
4550
4554
4555
4557
4559
4560
4560
4562
4580
4583
4585
4588
4601
4602
4604
4605
4607
4611
4618
4620
4623
4624
4625
4632
4640
4640
4643
4645
4645
4646
4649
4654
4661
4664
4670
4675
4685
4688
4689
4691
4694
4694
4698
4702
4707
4710
4710
4711
4712
4713
4718
4726
4733
4737
4740
4741
4745
4754
4760
4763
4766
4770
4773
4786
4788
4794
4794
4798
4799
4801
4808
4814
4816
4818
4819
4826
4827
4828
4828
4830
4835
4840
4861
4865
4868
4876
4877
4878
4886
4887
4894
4895
4898
4903
4904
4904
4909
4909
4911
4919
4927
4939
4944
4950
4950
4951
4951
4952
4954
4956
4967
4970
4971
4974
4980
4981
4982
4993
4995
4999
5003
5016
5017
5022
5025
5041
5051
5058
5062
5070
5073
5076
5076
5077
5077
5087
5090
5091
5094
5100
5117
5121
5132
5145
5158
5158
5161
5166
5170
5172
5177
5180
5189
5192
5194
5196
5209
5211
5214
5220
5222
5225
5226
5228
5231
5236
5239
5250
5256
5267
5282
5285
5285
5289
5289
5290
5299
5301
5303
5303
5308
5319
5319
5322
5323
5324
5328
5328
5332
5333
5333
5338
5341
5344
5353
5360
5360
5361
5364
5366
5374
5389
5390
5393
5404
5406
5406
5408
5417
5421
5423
5424
5425
5430
5435
5435
5438
5439
5442
5444
5445
5445
5447
5455
5457
5465
5471
5482
5484
5486
5491
5494
5511
5515
5518
5519
5523
5528
5530
5534
5534
5537
5540
5544
5546
5547
5547
5547
5547
5554
5555
5556
5557
5560
5563
5575
5577
5581
5586
5586
5590
5590
5590
5600
5601
5604
5616
5616
5617
5620
5623
5628
5630
5630
5633
5652
5654
5655
5656
5664
5669
5673
5675
5675
5676
5687
5702
5703
5724
5727
5728
5733
5739
5745
5747
5750
5751
5756
5760
5768
5769
5775
5777
5782
5784
5786
5791
5791
5802
5802
5809
5811
5820
5821
5825
5827
5838
5841
5852
5861
5864
5867
5868
5869
5869
5871
5873
5876
5877
5886
5891
5892
5896
5900
5903
5905
5913
5914
5915
5916
5928
5929
5930
5933
5934
5938
5941
5941
5944
5946
5950
5952
5955
5966
5967
5976
5983
5985
5987
5993
5994
5998
6006
6012
6020
6021
6027
6030
6032
6035
6041
6051
6061
6063
6063
6067
6068
6075
6081
6085
6093
6096
6098
6106
6109
6111
6114
6116
6119
6121
6121
6123
6124
6124
6131
6131
6136
6136
6137
6139
6142
6148
6152
6155
6157
6160
6163
6165
6165
6175
6178
6184
6184
6184
6184
6192
6194
6202
6202
6203
6205
6206
6207
6220
6224
6232
6240
6250
6251
6258
6263
6266
6270
6271
6277
6283
6294
6297
6301
6301
6314
6314
6329
6330
6332
6333
6338
6342
6342
6343
6345
6347
6347
6352
6359
6360
6363
6365
6370
6373
6376
6378
6381
6381
6384
6391
6407
6412
6416
6418
6420
6420
6436
6436
6444
6444
6458
6461
6462
6474
6483
6489
6498
6507
6512
6532
6534
6535
6541
6542
6546
6548
6548
6548
6550
6557
6559
6564
6571
6575
6576
6580
6589
6591
6594
6594
6596
6600
6603
6608
6609
6612
6618
6620
6624
6629
6633
6640
6645
6650
6652
6655
6662
6667
6669
6673
6674
6677
6679
6690
6691
6692
6692
6692
6694
6696
6703
6704
6707
6710
6719
6719
6736
6739
6740
6742
6744
6757
6765
6765
6771
6777
6782
6785
6788
6788
6794
6795
6796
6802
6807
6808
6829
6831
6832
6835
6835
6848
6848
6849
6852
6854
6857
6863
6863
6866
6867
6867
6869
6871
6874
6878
6881
6885
6895
6906
6909
6911
6913
6915
6917
6920
6928
6941
6941
6943
6948
6951
6953
6954
6958
6966
6966
6977
6982
6984
6985
6985
6995
6998
7000
7001
7004
7020
7021
7021
7028
7032
7036
7036
7038
7039
7043
7045
7054
7055
7056
7058
7059
7060
7061
7063
7064
7066
7068
7089
7096
7103
7105
7114
7115
7123
7128
7130
7133
7134
7137
7141
7143
7149
7157
7158
7163
7164
7169
7172
7198
7202
7204
7205
7207
7212
7212
7223
7237
7237
7248
7251
7259
7265
7266
7267
7269
7288
7290
7292
7303
7305
7308
7309
7309
7315
7330
7347
7348
7354
7356
7358
7367
7367
7368
7380
7380
7385
7387
7391
7397
7398
7398
7399
7399
7409
7412
7421
7428
7438
7440
7442
7443
7444
7445
7447
7447
7448
7449
7449
7450
7459
7459
7470
7475
7480
7485
7485
7486
7498
7498
7499
7507
7512
7514
7518
7520
7528
7534
7536
7537
7539
7546
7549
7555
7557
7560
7562
7563
7566
7566
7568
7573
7576
7577
7578
7579
7587
7587
7590
7594
7594
7599
7599
7599
7601
7602
7622
7626
7634
7648
7648
7654
7654
7654
7673
7683
7683
7685
7693
7712
7715
7722
7723
7728
7728
7730
7734
7736
7742
7743
7759
7760
7761
7765
7780
7786
7789
7790
7791
7793
7797
7814
7821
7823
7829
7834
7836
7842
7848
7859
7864
7873
7877
7878
7885
7887
7888
7890
7891
7899
7904
7913
7917
7918
7924
7930
7936
7947
7956
7956
7973
7978
7984
7985
7991
7992
8000
8001
8007
8010
8012
8015
8019
8022
8028
8031
8033
8042
8042
8043
8046
8049
8055
8056
8060
8070
8075
8078
8080
8083
8085
8096
8100
8111
8111
8113
8115
8117
8118
8120
8124
8130
8133
8133
8136
8137
8137
8152
8160
8162
8170
8171
8174
8184
8187
8189
8193
8195
8198
8200
8200
8201
8202
8208
8212
8212
8212
8215
8223
8225
8232
8245
8248
8276
8278
8280
8282
8287
8303
8307
8310
8328
8333
8334
8345
8353
8354
8355
8360
8368
8370
8373
8374
8374
8393
8401
8406
8407
8407
8409
8417
8419
8427
8435
8440
8441
8449
8452
8464
8471
8482
8490
8490
8490
8491
8495
8496
8507
8508
8511
8537
8542
8543
8545
8551
8554
8556
8556
8557
8565
8568
8569
8575
8577
8582
8582
8585
8590
8603
8606
8613
8618
8621
8631
8644
8651
8669
8672
8673
8677
8677
8678
8679
8680
8681
8693
8694
8703
8705
8706
8712
8717
8722
8727
8736
8740
8741
8741
8745
8746
8755
8779
8786
8797
8799
8802
8813
8820
8826
8833
8835
8845
8847
8848
8850
8850
8860
8864
8865
8887
8888
8897
8902
8915
8915
8921
8923
8927
8931
8932
8938
8945
8946
8959
8966
8966
8966
8971
8979
8980
8981
8981
8982
8982
8997
8998
9002
9008
9012
9023
9027
9045
9047
9083
9083
9092
9109
9114
9118
9137
9141
9156
9174
9174
9184
9186
9188
9189
9190
9193
9194
9195
9197
9198
9208
9220
9226
9233
9240
9245
9249
9255
9260
9265
9288
9291
9293
9298
9303
9310
9312
9321
9323
9335
9336
9339
9339
9341
9343
9346
9352
9355
9355
9371
9372
9374
9380
9383
9384
9388
9391
9395
9397
9399
9407
9425
9433
9445
9447
9454
9463
9467
9469
9473
9475
9486
9488
9494
9503
9508
9511
9513
9518
9523
9525
9530
9530
9530
9552
9553
9559
9578
9587
9593
9609
9612
9614
9615
9619
9620
9633
9635
9637
9641
9642
9651
9652
9652
9654
9663
9664
9673
9676
9684
9688
9690
9691
9693
9694
9696
9698
9707
9709
9720
9733
9735
9735
9741
9742
9743
9747
9759
9762
9770
9771
9793
9797
9812
9813
9814
9817
9823
9827
9842
9843
9862
9886
9901
9904
9904
9910
9910
9913
9918
9919
9944
9962
9964
9966
9970
9974
9987
9989
9992
9999
9999
10000
10007
10027
10031
10032
10032
10036
10040
10057
10060
10071
10072
10074
10077
10083
10084
10086
10087
10091
10096
10103
10107
10126
10126
10127
10129
10131
10134
10136
10141
10144
10152
10154
10160
10169
10174
10182
10183
10185
10187
10189
10196
10197
10197
10198
10215
10217
10220
10234
10249
10252
10254
10256
10256
10257
10261
10270
10271
10272
10273
10278
10287
10290
10293
10294
10295
10305
10308
10317
10317
10319
10319
10327
10327
10328
10332
10340
10342
10348
10357
10367
10369
10371
10384
10384
10384
10387
10394
10398
10398
10399
10404
10406
10410
10413
10414
10419
10427
10429
10431
10432
10433
10433
10433
10448
10456
10465
10479
10486
10486
10491
10510
10512
10516
10516
10519
10529
10537
10538
10543
10545
10545
10549
10560
10562
10572
10595
10595
10600
10612
10622
10625
10629
10640
10640
10641
10648
10668
10675
10684
10691
10694
10700
10712
10714
10721
10723
10727
10728
10729
10730
10736
10744
10745
10746
10749
10768
10777
10780
10798
10804
10807
10813
10820
10826
10827
10835
10840
10843
10843
10848
10852
10853
10860
10863
10868
10870
10872
10873
10874
10882
10890
10890
10892
10898
10898
10902
10911
10915
10922
10923
10930
10931
10931
10932
10940
10940
10941
10944
10951
10954
10963
10966
10970
10973
10976
10978
10989
11005
11006
11008
11011
11014
11042
11045
11049
11064
11069
11077
11077
11081
11085
11091
11144
11144
11149
11155
11157
11170
11171
11175
11179
11181
11187
11202
11208
11210
11214
11218
11221
11225
11227
11236
11248
11251
11255
11255
11257
11264
11281
11283
11306
11315
11329
11341
11349
11353
11354
11354
11356
11358
11366
11426
11428
11430
11435
11440
11440
11452
11455
11456
11456
11464
11466
11468
11483
11488
11488
11492
11499
11509
11514
11523
11528
11542
11545
11550
11551
11560
11569
11573
11584
11584
11587
11594
11597
11606
11611
11626
11626
11627
11629
11631
11631
11633
11634
11644
11645
11662
11667
11672
11673
11678
11689
11692
11700
11705
11706
11707
11717
11721
11746
11748
11754
11764
11778
11782
11791
11794
11810
11835
11857
11862
11900
11901
11910
11919
11922
11927
11929
11933
11935
11935
11943
11947
11988
11996
12026
12027
12038
12050
12051
12051
12054
12057
12072
12085
12093
12095
12098
12101
12103
12119
12124
12125
12127
12129
12131
12163
12163
12165
12167
12173
12174
12188
12199
12199
12199
12199
12220
12223
12233
12240
12252
12259
12270
12280
12288
12292
12300
12301
12317
12319
12322
12334
12347
12350
12358
12380
12397
12410
12414
12421
12425
12428
12434
12445
12467
12479
12490
12496
12507
12512
12514
12520
12520
12534
12537
12539
12556
12557
12562
12562
12573
12580
12586
12597
12600
12622
12636
12638
12643
12643
12664
12674
12683
12684
12717
12718
12721
12722
12727
12727
12732
12734
12736
12747
12747
12750
12754
12761
12763
12782
12783
12806
12807
12808
12814
12816
12822
12839
12853
12860
12861
12863
12866
12869
12879
12884
12889
12918
12918
12918
12923
12925
12928
12935
12935
12942
12945
12953
12956
12963
12970
12976
12983
13017
13021
13028
13040
13050
13061
13068
13086
13086
13089
13095
13099
13100
13105
13111
13124
13129
13139
13156
13181
13186
13203
13220
13224
13231
13241
13259
13259
13262
13287
13307
13318
13324
13344
13344
13352
13355
13380
13383
13398
13410
13422
13434
13441
13444
13446
13457
13458
13459
13460
13482
13486
13488
13492
13498
13523
13525
13532
13540
13541
13551
13554
13555
13557
13559
13571
13574
13574
13583
13584
13585
13599
13601
13610
13612
13613
13621
13629
13632
13636
13651
13657
13663
13672
13680
13684
13704
13710
13716
13734
13736
13738
13740
13745
13751
13752
13760
13760
13764
13768
13771
13780
13791
13796
13805
13806
13807
13807
13810
13811
13836
13862
13867
13878
13879
13891
13891
13896
13901
13911
13922
13927
13929
13949
13949
13963
13967
13979
13987
14011
14033
14039
14048
14063
14066
14075
14078
14087
14107
14128
14128
14132
14155
14157
14162
14162
14181
14201
14207
14214
14220
14221
14234
14246
14251
14252
14272
14274
14275
14278
14280
14295
14297
14299
14300
14303
14308
14309
14320
14330
14341
14342
14343
14344
14351
14364
14401
14417
14421
14424
14437
14441
14460
14462
14477
14483
14493
14495
14509
14511
14513
14518
14518
14521
14539
14549
14587
14606
14607
14612
14636
14642
14660
14665
14682
14686
14689
14690
14692
14695
14700
14714
14739
14744
14744
14746
14749
14761
14786
14808
14809
14810
14820
14829
14839
14846
14854
14855
14856
14857
14872
14872
14881
14896
14907
14909
14919
14921
14926
14931
14937
14974
15016
15016
15029
15030
15049
15056
15062
15064
15072
15083
15096
15117
15120
15125
15132
15133
15139
15142
15165
15190
15191
15225
15237
15265
15286
15289
15306
15325
15352
15352
15358
15364
15391
15398
15407
15410
15429
15433
15434
15435
15438
15449
15453
15467
15479
15479
15502
15512
15537
15538
15540
15568
15571
15572
15586
15586
15592
15634
15639
15651
15664
15666
15666
15683
15715
15722
15734
15737
15738
15741
15747
15749
15750
15750
15751
15753
15760
15767
15795
15816
15821
15839
15844
15860
15861
15870
15894
15903
15904
15906
15908
15910
15911
15923
15923
15938
15945
15946
15950
15963
15966
15971
15979
15981
16005
16010
16012
16014
16027
16038
16042
16046
16062
16064
16064
16069
16081
16082
16089
16111
16111
16129
16131
16135
16137
16165
16168
16187
16213
16216
16226
16229
16233
16235
16236
16260
16263
16272
16275
16303
16318
16346
16357
16366
16380
16394
16417
16424
16433
16434
16456
16459
16470
16471
16472
16475
16479
16484
16490
16502
16509
16516
16517
16518
16518
16531
16581
16590
16601
16602
16608
16616
16617
16619
16625
16641
16650
16651
16668
16674
16685
16706
16707
16715
16736
16738
16741
16745
16757
16761
16772
16804
16809
16816
16830
16842
16843
16881
16882
16883
16889
16890
16899
16900
16933
16939
16962
16981
16992
17028
17032
17036
17038
17044
17057
17060
17069
17075
17096
17101
17108
17115
17121
17132
17155
17163
17169
17176
17185
17189
17231
17239
17252
17260
17261
17266
17269
17270
17279
17301
17320
17339
17347
17378
17410
17417
17426
17430
17441
17442
17459
17460
17474
17476
17487
17488
17494
17514
17518
17520
17526
17551
17552
17557
17579
17600
17606
17613
17620
17621
17647
17661
17664
17688
17689
17700
17706
17710
17719
17724
17738
17738
17749
17760
17780
17780
17791
17801
17807
17816
17826
17845
17849
17864
17877
17894
17894
17902
17903
17904
17912
17913
17923
17958
17974
17977
17986
18002
18007
18028
18033
18043
18046
18047
18048
18050
18059
18064
18069
18096
18106
18119
18140
18158
18179
18191
18221
18228
18251
18256
18269
18271
18271
18288
18289
18292
18301
18303
18316
18320
18325
18336
18358
18359
18369
18384
18388
18389
18397
18404
18407
18412
18446
18462
18463
18465
18470
18483
18483
18491
18536
18541
18544
18561
18565
18565
18576
18590
18593
18598
18610
18614
18635
18643
18647
18662
18665
18705
18706
18718
18719
18720
18721
18747
18764
18777
18781
18787
18790
18804
18806
18815
18817
18836
18844
18845
18847
18872
18930
18938
18948
18953
18958
18961
18967
18984
19015
19026
19035
19063
19068
19091
19095
19105
19147
19170
19174
19192
19201
19236
19251
19255
19259
19299
19313
19313
19315
19326
19350
19356
19379
19401
19403
19403
19407
19415
19426
19428
19430
19444
19463
19478
19478
19485
19495
19514
19526
19527
19527
19544
19547
19547
19571
19626
19629
19658
19661
19682
19704
19728
19741
19744
19750
19753
19756
19762
19767
19770
19800
19807
19811
19833
19850
19851
19868
19874
19876
19881
19892
19892
19905
19908
19913
19919
19923
19950
19963
19986
20004
20047
20076
20091
20096
20115
20139
20148
20220
20225
20250
20256
20261
20268
20271
20272
20285
20318
20335
20379
20385
20390
20410
20412
20428
20428
20438
20446
20456
20458
20467
20473
20474
20480
20483
20487
20546
20554
20555
20560
20563
20579
20591
20591
20625
20652
20661
20683
20691
20708
20709
20732
20760
20769
20787
20797
20809
20814
20866
20873
20878
20880
20884
20902
20952
20958
21013
21015
21015
21017
21023
21025
21055
21062
21086
21111
21113
21128
21133
21146
21146
21146
21156
21160
21164
21205
21215
21222
21236
21241
21251
21273
21281
21290
21294
21306
21337
21345
21359
21362
21370
21371
21381
21384
21386
21409
21415
21419
21441
21444
21451
21480
21494
21503
21504
21517
21530
21545
21551
21553
21572
21573
21583
21586
21588
21641
21648
21657
21665
21671
21675
21684
21690
21691
21700
21706
21721
21722
21723
21763
21765
21796
21801
21832
21843
21847
21859
21860
21874
21878
21879
21886
21899
21900
21903
21914
21920
21920
21947
21955
21990
21999
22015
22016
22037
22050
22056
22116
22120
22146
22149
22156
22169
22200
22213
22237
22258
22259
22272
22279
22284
22326
22337
22344
22349
22353
22363
22445
22460
22476
22483
22523
22552
22558
22593
22616
22626
22628
22640
22654
22658
22694
22706
22729
22732
22747
22748
22756
22761
22765
22771
22810
22810
22854
22865
22867
22871
22884
22911
22924
22932
22958
22980
23058
23069
23076
23096
23097
23109
23114
23130
23139
23147
23147
23161
23165
23170
23170
23179
23186
23194
23216
23260
23317
23331
23336
23342
23348
23366
23370
23370
23379
23415
23447
23454
23459
23459
23472
23475
23477
23477
23502
23510
23519
23531
23552
23577
23602
23609
23616
23634
23663
23684
23742
23781
23794
23813
23858
23869
23905
23958
23965
23971
23974
23980
24001
24014
24020
24044
24104
24121
24133
24166
24174
24184
24188
24213
24240
24264
24270
24289
24297
24373
24380
24380
24383
24388
24426
24440
24448
24461
24494
24517
24545
24551
24555
24561
24562
24571
24582
24590
24597
24603
24615
24627
24632
24632
24644
24669
24675
24679
24701
24705
24784
24797
24881
24884
24911
24928
24961
25006
25008
25014
25023
25030
25063
25069
25098
25119
25142
25145
25152
25155
25191
25195
25208
25208
25237
25266
25272
25276
25288
25292
25293
25347
25365
25410
25418
25423
25438
25459
25512
25522
25534
25559
25583
25622
25663
25678
25684
25684
25691
25692
25707
25708
25724
25761
25784
25892
25932
25943
25955
25960
25969
25992
25994
26000
26009
26061
26064
26110
26163
26206
26210
26217
26226
26238
26242
26258
26271
26283
26317
26320
26356
26368
26369
26381
26382
26395
26398
26399
26404
26437
26457
26459
26462
26498
26507
26534
26544
26563
26574
26601
26604
26608
26650
26725
26759
26792
26814
26818
26852
26853
26857
26859
26864
26881
26883
26885
26886
26901
26916
26920
26962
26977
27014
27022
27085
27123
27132
27143
27166
27189
27195
27239
27248
27249
27346
27356
27411
27426
27433
27458
27505
27531
27555
27575
27594
27627
27645
27648
27665
27732
27737
27740
27742
27763
27774
27782
27808
27864
27866
27875
27885
27890
27895
27930
27932
27941
27960
27963
27985
27997
28031
28051
28063
28121
28125
28184
28245
28282
28336
28341
28343
28360
28367
28379
28388
28394
28403
28442
28443
28444
28454
28478
28480
28505
28548
28548
28589
28605
28607
28614
28680
28687
28784
28832
28836
28876
28918
28928
28936
28941
28950
28951
28964
28996
29017
29033
29045
29066
29083
29167
29180
29205
29231
29248
29260
29270
29301
29317
29358
29403
29407
29425
29456
29506
29542
29566
29572
29584
29660
29671
29678
29721
29733
29777
29858
29875
29883
29979
29992
29995
30037
30049
30073
30087
30153
30158
30167
30188
30236
30254
30276
30281
30344
30391
30423
30463
30519
30583
30640
30663
30672
30755
30774
30778
30811
30814
30841
30874
30921
30979
31015
31015
31027
31043
31069
31112
31123
31146
31151
31156
31163
31240
31255
31264
31313
31338
31340
31390
31423
31436
31436
31482
31495
31540
31550
31564
31579
31583
31585
31591
31619
31670
31694
31747
31753
31769
31804
31921
31933
31948
31982
32012
32022
32041
32054
32056
32063
32068
32069
32085
32088
32089
32121
32180
32203
32244
32250
32268
32304
32307
32315
32319
32369
32370
32379
32405
32407
32430
32450
32474
32504
32521
32554
32555
32596
32613
32632
32638
32645
32683
32692
32694
32708
32788
32811
32835
32856
32886
32916
32921
32931
32994
33005
33075
33076
33128
33181
33184
33205
33226
33240
33255
33299
33313
33359
33386
33408
33423
33451
33483
33509
33545
33563
33566
33579
33621
33648
33654
33672
33685
33693
33699
33703
33732
33755
33809
33826
33876
33947
33982
34018
34063
34080
34082
34212
34215
34248
34314
34322
34323
34325
34376
34423
34465
34530
34568
34621
34652
34668
34738
34741
34751
34780
34795
34860
34862
34870
35072
35094
35170
35188
35191
35202
35204
35319
35326
35471
35478
35506
35519
35603
35618
35632
35640
35679
35754
35759
35769
35833
35899
35973
36008
36014
36054
36063
36067
36117
36165
36249
36250
36309
36377
36419
36451
36563
36597
36660
36714
36733
36760
36760
36809
36912
36931
36932
36965
37015
37023
37060
37088
37180
37181
37183
37187
37187
37263
37371
37408
37532
37571
37615
37629
37638
37795
37868
37872
37911
37922
37933
38033
38047
38065
38122
38167
38222
38326
38429
38434
38483
38485
38489
38653
38710
38918
38945
39032
39208
39210
39290
39373
39381
39388
39433
39445
39470
39494
39506
39539
39601
39615
39620
39620
39719
39765
39879
39907
39929
39963
40115
40170
40172
40201
40226
40403
40408
40432
40460
40510
40512
40565
40586
40687
40785
40880
41042
41085
41093
41204
41216
41351
41375
41483
41485
41504
41576
41683
41724
41746
41762
41775
41804
41847
41891
41924
42012
42121
42155
42207
42217
42224
42239
42244
42300
42340
42397
42549
42786
42945
42977
43097
43101
43272
43274
43329
43383
43475
43673
43694
43701
43908
44005
44047
44208
44395
44402
44466
44473
44576
44663
44778
44790
44828
44911
44943
45098
45157
45178
45201
45259
45323
45388
45436
45482
45544
45745
46000
46166
46168
46187
46344
46398
46518
46538
46591
46785
46889
46917
46957
47082
47128
47216
47523
47625
47738
47830
47869
47995
48088
48181
48367
48533
48562
48608
48623
48638
48673
48700
48759
48765
49035
49089
49243
49386
49422
49534
49594
49595
49611
49725
49812
50031
50032
50280
50348
50349
50434
50792
50831
50860
50923
51103
51132
51142
51154
51278
51401
51473
51799
51808
51967
52058
52401
52415
52517
52536
52606
52795
52961
53188
53251
53308
53594
53703
53887
54320
54384
54386
54431
54468
54476
54480
54555
54860
55093
55264
55501
55686
55689
55912
56073
56115
56158
56175
56238
56243
56481
56552
56557
56571
56608
56689
56796
56799
56821
56846
57093
57099
57120
57123
57214
57296
57407
57638
57801
58013
58127
58145
58168
58302
58354
58527
58728
58844
58859
59119
59276
59513
59622
60180
60298
60450
60463
60508
60647
60769
60827
62203
62263
62395
62397
62474
62755
62835
62872
63246
63445
63632
63737
63975
64181
64186
64655
64769
64770
65256
66238
66902
66942
67198
67478
67898
68453
69002
69489
69650
70340
71047
71411
73253
73914
74301
75295
75349
75802
75922
78235
79053
79123
82697
82941
83482
83727
85014
85132
86369
91851
93256
96026
98925
106690
111617