# x	Phi
-100	0.0136236
-99.8	0.0136596
-99.6	0.0136957
-99.4	0.0137319
-99.2	0.0137682
-99	0.0138046
-98.8	0.0138411
-98.6	0.0138776
-98.4	0.0139143
-98.2	0.013951
-98	0.0139879
-97.8	0.0140249
-97.6	0.0140619
-97.4	0.014099
-97.2	0.0141363
-97	0.0141736
-96.8	0.0142111
-96.6	0.0142486
-96.4	0.0142862
-96.2	0.0143239
-96	0.0143618
-95.8	0.0143997
-95.6	0.0144377
-95.4	0.0144758
-95.2	0.0145141
-95	0.0145524
-94.8	0.0145908
-94.6	0.0146293
-94.4	0.0146679
-94.2	0.0147066
-94	0.0147455
-93.8	0.0147844
-93.6	0.0148234
-93.4	0.0148625
-93.2	0.0149018
-93	0.0149411
-92.8	0.0149805
-92.6	0.0150201
-92.4	0.0150597
-92.2	0.0150994
-92	0.0151393
-91.8	0.0151792
-91.6	0.0152193
-91.4	0.0152594
-91.2	0.0152997
-91	0.01534
-90.8	0.0153805
-90.6	0.0154211
-90.4	0.0154617
-90.2	0.0155025
-90	0.0155434
-89.8	0.0155844
-89.6	0.0156255
-89.4	0.0156667
-89.2	0.015708
-89	0.0157495
-88.8	0.015791
-88.6	0.0158326
-88.4	0.0158744
-88.2	0.0159162
-88	0.0159582
-87.8	0.0160003
-87.6	0.0160424
-87.4	0.0160847
-87.2	0.0161271
-87	0.0161696
-86.8	0.0162123
-86.6	0.016255
-86.4	0.0162978
-86.2	0.0163408
-86	0.0163838
-85.8	0.016427
-85.6	0.0164703
-85.4	0.0165137
-85.2	0.0165572
-85	0.0166008
-84.8	0.0166446
-84.6	0.0166884
-84.4	0.0167324
-84.2	0.0167765
-84	0.0168206
-83.8	0.0168649
-83.6	0.0169094
-83.4	0.0169539
-83.2	0.0169986
-83	0.0170433
-82.8	0.0170882
-82.6	0.0171332
-82.4	0.0171783
-82.2	0.0172235
-82	0.0172689
-81.8	0.0173144
-81.6	0.0173599
-81.4	0.0174056
-81.2	0.0174515
-81	0.0174974
-80.8	0.0175435
-80.6	0.0175896
-80.4	0.0176359
-80.2	0.0176823
-80	0.0177289
-79.8	0.0177755
-79.6	0.0178223
-79.4	0.0178692
-79.2	0.0179162
-79	0.0179633
-78.8	0.0180106
-78.6	0.018058
-78.4	0.0181055
-78.2	0.0181531
-78	0.0182009
-77.8	0.0182487
-77.6	0.0182967
-77.4	0.0183449
-77.2	0.0183931
-77	0.0184415
-76.8	0.01849
-76.6	0.0185386
-76.4	0.0185873
-76.2	0.0186362
-76	0.0186852
-75.8	0.0187343
-75.6	0.0187836
-75.4	0.018833
-75.2	0.0188825
-75	0.0189321
-74.8	0.0189818
-74.6	0.0190317
-74.4	0.0190818
-74.2	0.0191319
-74	0.0191822
-73.8	0.0192326
-73.6	0.0192831
-73.4	0.0193338
-73.2	0.0193846
-73	0.0194355
-72.8	0.0194865
-72.6	0.0195377
-72.4	0.0195891
-72.2	0.0196405
-72	0.0196921
-71.8	0.0197438
-71.6	0.0197957
-71.4	0.0198476
-71.2	0.0198998
-71	0.019952
-70.8	0.0200044
-70.6	0.0200569
-70.4	0.0201096
-70.2	0.0201624
-70	0.0202153
-69.8	0.0202683
-69.6	0.0203215
-69.4	0.0203749
-69.2	0.0204284
-69	0.020482
-68.8	0.0205357
-68.6	0.0205896
-68.4	0.0206436
-68.2	0.0206978
-68	0.0207521
-67.8	0.0208065
-67.6	0.0208611
-67.4	0.0209158
-67.2	0.0209707
-67	0.0210257
-66.8	0.0210808
-66.6	0.0211361
-66.4	0.0211916
-66.2	0.0212471
-66	0.0213028
-65.8	0.0213587
-65.6	0.0214147
-65.4	0.0214708
-65.2	0.0215271
-65	0.0215835
-64.8	0.0216401
-64.6	0.0216968
-64.4	0.0217537
-64.2	0.0218107
-64	0.0218679
-63.8	0.0219252
-63.6	0.0219826
-63.4	0.0220402
-63.2	0.022098
-63	0.0221559
-62.8	0.0222139
-62.6	0.0222721
-62.4	0.0223304
-62.2	0.0223889
-62	0.0224476
-61.8	0.0225063
-61.6	0.0225653
-61.4	0.0226244
-61.2	0.0226836
-61	0.022743
-60.8	0.0228025
-60.6	0.0228622
-60.4	0.0229221
-60.2	0.0229821
-60	0.0230422
-59.8	0.0231025
-59.6	0.023163
-59.4	0.0232236
-59.2	0.0232844
-59	0.0233453
-58.8	0.0234064
-58.6	0.0234676
-58.4	0.023529
-58.2	0.0235906
-58	0.0236523
-57.8	0.0237142
-57.6	0.0237762
-57.4	0.0238384
-57.2	0.0239007
-57	0.0239632
-56.8	0.0240259
-56.6	0.0240887
-56.4	0.0241517
-56.2	0.0242148
-56	0.0242781
-55.8	0.0243416
-55.6	0.0244052
-55.4	0.024469
-55.2	0.0245329
-55	0.024597
-54.8	0.0246613
-54.6	0.0247257
-54.4	0.0247903
-54.2	0.0248551
-54	0.02492
-53.8	0.0249851
-53.6	0.0250504
-53.4	0.0251158
-53.2	0.0251814
-53	0.0252472
-52.8	0.0253131
-52.6	0.0253792
-52.4	0.0254455
-52.2	0.0255119
-52	0.0255785
-51.8	0.0256453
-51.6	0.0257122
-51.4	0.0257793
-51.2	0.0258466
-51	0.0259141
-50.8	0.0259817
-50.6	0.0260495
-50.4	0.0261175
-50.2	0.0261856
-50	0.0262539
-49.8	0.0263224
-49.6	0.0263911
-49.4	0.0264599
-49.2	0.0265289
-49	0.0265981
-48.8	0.0266675
-48.6	0.026737
-48.4	0.0268067
-48.2	0.0268766
-48	0.0269467
-47.8	0.0270169
-47.6	0.0270873
-47.4	0.0271579
-47.2	0.0272287
-47	0.0272997
-46.8	0.0273708
-46.6	0.0274421
-46.4	0.0275136
-46.2	0.0275853
-46	0.0276572
-45.8	0.0277292
-45.6	0.0278014
-45.4	0.0278738
-45.2	0.0279464
-45	0.0280192
-44.8	0.0280922
-44.6	0.0281653
-44.4	0.0282386
-44.2	0.0283122
-44	0.0283859
-43.8	0.0284597
-43.6	0.0285338
-43.4	0.0286081
-43.2	0.0286825
-43	0.0287572
-42.8	0.028832
-42.6	0.028907
-42.4	0.0289822
-42.2	0.0290576
-42	0.0291332
-41.8	0.0292089
-41.6	0.0292849
-41.4	0.0293611
-41.2	0.0294374
-41	0.029514
-40.8	0.0295907
-40.6	0.0296676
-40.4	0.0297447
-40.2	0.029822
-40	0.0298996
-39.8	0.0299773
-39.6	0.0300552
-39.4	0.0301333
-39.2	0.0302115
-39	0.03029
-38.8	0.0303687
-38.6	0.0304476
-38.4	0.0305267
-38.2	0.030606
-38	0.0306855
-37.8	0.0307651
-37.6	0.030845
-37.4	0.0309251
-37.2	0.0310054
-37	0.0310859
-36.8	0.0311666
-36.6	0.0312475
-36.4	0.0313286
-36.2	0.0314099
-36	0.0314914
-35.8	0.0315731
-35.6	0.031655
-35.4	0.0317371
-35.2	0.0318194
-35	0.0319019
-34.8	0.0319847
-34.6	0.0320676
-34.4	0.0321508
-34.2	0.0322341
-34	0.0323177
-33.8	0.0324015
-33.6	0.0324855
-33.4	0.0325697
-33.2	0.0326541
-33	0.0327387
-32.8	0.0328235
-32.6	0.0329086
-32.4	0.0329938
-32.2	0.0330793
-32	0.033165
-31.8	0.0332509
-31.6	0.033337
-31.4	0.0334233
-31.2	0.0335099
-31	0.0335967
-30.8	0.0336836
-30.6	0.0337708
-30.4	0.0338582
-30.2	0.0339459
-30	0.0340337
-29.8	0.0341218
-29.6	0.0342101
-29.4	0.0342986
-29.2	0.0343873
-29	0.0344763
-28.8	0.0345655
-28.6	0.0346549
-28.4	0.0347445
-28.2	0.0348343
-28	0.0349244
-27.8	0.0350147
-27.6	0.0351052
-27.4	0.0351959
-27.2	0.0352869
-27	0.0353781
-26.8	0.0354695
-26.6	0.0355612
-26.4	0.0356531
-26.2	0.0357452
-26	0.0358375
-25.8	0.0359301
-25.6	0.0360229
-25.4	0.0361159
-25.2	0.0362091
-25	0.0363026
-24.8	0.0363964
-24.6	0.0364903
-24.4	0.0365845
-24.2	0.0366789
-24	0.0367736
-23.8	0.0368685
-23.6	0.0369636
-23.4	0.0370589
-23.2	0.0371545
-23	0.0372504
-22.8	0.0373465
-22.6	0.0374428
-22.4	0.0375393
-22.2	0.0376361
-22	0.0377331
-21.8	0.0378304
-21.6	0.0379279
-21.4	0.0380257
-21.2	0.0381237
-21	0.0382219
-20.8	0.0383204
-20.6	0.0384191
-20.4	0.0385181
-20.2	0.0386173
-20	0.0387167
-19.8	0.0388164
-19.6	0.0389164
-19.4	0.0390166
-19.2	0.039117
-19	0.0392177
-18.8	0.0393186
-18.6	0.0394198
-18.4	0.0395213
-18.2	0.039623
-18	0.0397249
-17.8	0.0398271
-17.6	0.0399295
-17.4	0.0400322
-17.2	0.0401352
-17	0.0402384
-16.8	0.0403418
-16.6	0.0404455
-16.4	0.0405495
-16.2	0.0406537
-16	0.0407582
-15.8	0.0408629
-15.6	0.0409679
-15.4	0.0410732
-15.2	0.0411787
-15	0.0412845
-14.8	0.0413905
-14.6	0.0414968
-14.4	0.0416033
-14.2	0.0417102
-14	0.0418172
-13.8	0.0419246
-13.6	0.0420322
-13.4	0.04214
-13.2	0.0422482
-13	0.0423566
-12.8	0.0424652
-12.6	0.0425742
-12.4	0.0426834
-12.2	0.0427928
-12	0.0429025
-11.8	0.0430125
-11.6	0.0431228
-11.4	0.0432333
-11.2	0.0433442
-11	0.0434552
-10.8	0.0435666
-10.6	0.0436782
-10.4	0.0437901
-10.2	0.0439023
-10	0.0440147
-9.8	0.0441274
-9.6	0.0442404
-9.4	0.0443537
-9.2	0.0444673
-9	0.0445811
-8.8	0.0446952
-8.6	0.0448096
-8.4	0.0449242
-8.2	0.0450392
-8	0.0451544
-7.8	0.0452699
-7.6	0.0453857
-7.4	0.0455017
-7.2	0.0456181
-7	0.0457347
-6.8	0.0458516
-6.6	0.0459688
-6.4	0.0460863
-6.2	0.0462041
-6	0.0463221
-5.8	0.0464405
-5.6	0.0465591
-5.4	0.046678
-5.2	0.0467972
-5	0.0469167
-4.8	0.0470365
-4.6	0.0471566
-4.4	0.0472769
-4.2	0.0473976
-4	0.0475185
-3.8	0.0476398
-3.6	0.0477613
-3.4	0.0478832
-3.2	0.0480053
-3	0.0481277
-2.8	0.0482504
-2.6	0.0483734
-2.4	0.0484968
-2.2	0.0486204
-2	0.0487443
-1.8	0.0488685
-1.6	0.048993
-1.4	0.0491178
-1.2	0.0492429
-1	0.0493684
-0.8	0.0494941
-0.6	0.0496201
-0.4	0.0497464
-0.2	0.0498731
8.83238e-13	0.05
0.2	0.0501272
0.4	0.0502548
0.6	0.0503827
0.8	0.0505108
1	0.0506393
1.2	0.0507681
1.4	0.0508972
1.6	0.0510266
1.8	0.0511563
2	0.0512863
2.2	0.0514167
2.4	0.0515473
2.6	0.0516783
2.8	0.0518096
3	0.0519412
3.2	0.0520731
3.4	0.0522053
3.6	0.0523378
3.8	0.0524707
4	0.0526039
4.2	0.0527374
4.4	0.0528712
4.6	0.0530054
4.8	0.0531398
5	0.0532746
5.2	0.0534097
5.4	0.0535451
5.6	0.0536809
5.8	0.053817
6	0.0539534
6.2	0.0540901
6.4	0.0542272
6.6	0.0543646
6.8	0.0545023
7	0.0546403
7.2	0.0547787
7.4	0.0549174
7.6	0.0550564
7.8	0.0551958
8	0.0553355
8.2	0.0554755
8.4	0.0556159
8.6	0.0557566
8.8	0.0558976
9	0.056039
9.2	0.0561807
9.4	0.0563227
9.6	0.0564651
9.8	0.0566078
10	0.0567509
10.2	0.0568943
10.4	0.057038
10.6	0.0571821
10.8	0.0573265
11	0.0574712
11.2	0.0576163
11.4	0.0577618
11.6	0.0579076
11.8	0.0580537
12	0.0582002
12.2	0.058347
12.4	0.0584942
12.6	0.0586417
12.8	0.0587896
13	0.0589378
13.2	0.0590864
13.4	0.0592353
13.6	0.0593846
13.8	0.0595342
14	0.0596842
14.2	0.0598346
14.4	0.0599853
14.6	0.0601363
14.8	0.0602877
15	0.0604395
15.2	0.0605916
15.4	0.060744
15.6	0.0608969
15.8	0.0610501
16	0.0612036
16.2	0.0613575
16.4	0.0615118
16.6	0.0616665
16.8	0.0618215
17	0.0619768
17.2	0.0621325
17.4	0.0622886
17.6	0.0624451
17.8	0.0626019
18	0.0627591
18.2	0.0629167
18.4	0.0630746
18.6	0.0632329
18.8	0.0633916
19	0.0635506
19.2	0.0637101
19.4	0.0638698
19.6	0.06403
19.8	0.0641905
20	0.0643515
20.2	0.0645127
20.4	0.0646744
20.6	0.0648364
20.8	0.0649989
21	0.0651616
21.2	0.0653248
21.4	0.0654884
21.6	0.0656523
21.8	0.0658166
22	0.0659813
22.2	0.0661464
22.4	0.0663119
22.6	0.0664777
22.8	0.066644
23	0.0668106
23.2	0.0669776
23.4	0.067145
23.6	0.0673128
23.8	0.0674809
24	0.0676495
24.2	0.0678185
24.4	0.0679878
24.6	0.0681575
24.8	0.0683277
25	0.0684982
25.2	0.0686691
25.4	0.0688404
25.6	0.0690121
25.8	0.0691842
26	0.0693567
26.2	0.0695296
26.4	0.0697029
26.6	0.0698766
26.8	0.0700507
27	0.0702252
27.2	0.0704001
27.4	0.0705754
27.6	0.0707511
27.8	0.0709272
28	0.0711037
28.2	0.0712807
28.4	0.071458
28.6	0.0716357
28.8	0.0718139
29	0.0719924
29.2	0.0721714
29.4	0.0723507
29.6	0.0725305
29.8	0.0727107
30	0.0728913
30.2	0.0730723
30.4	0.0732538
30.6	0.0734356
30.8	0.0736179
31	0.0738006
31.2	0.0739837
31.4	0.0741672
31.6	0.0743511
31.8	0.0745355
32	0.0747202
32.2	0.0749054
32.4	0.075091
32.6	0.0752771
32.8	0.0754635
33	0.0756504
33.2	0.0758377
33.4	0.0760255
33.6	0.0762136
33.8	0.0764022
34	0.0765912
34.2	0.0767807
34.4	0.0769705
34.6	0.0771609
34.8	0.0773516
35	0.0775428
35.2	0.0777344
35.4	0.0779264
35.6	0.0781189
35.8	0.0783118
36	0.0785051
36.2	0.0786989
36.4	0.0788931
36.6	0.0790877
36.8	0.0792828
37	0.0794784
37.2	0.0796743
37.4	0.0798707
37.6	0.0800676
37.8	0.0802649
38	0.0804626
38.2	0.0806608
38.4	0.0808594
38.6	0.0810585
38.8	0.081258
39	0.081458
39.2	0.0816584
39.4	0.0818593
39.6	0.0820606
39.8	0.0822624
40	0.0824646
40.2	0.0826673
40.4	0.0828704
40.6	0.083074
40.8	0.083278
41	0.0834825
41.2	0.0836875
41.4	0.0838929
41.6	0.0840987
41.8	0.084305
42	0.0845118
42.2	0.0847191
42.4	0.0849268
42.6	0.0851349
42.8	0.0853435
43	0.0855526
43.2	0.0857622
43.4	0.0859722
43.6	0.0861827
43.8	0.0863936
44	0.0866051
44.2	0.0868169
44.4	0.0870293
44.6	0.0872421
44.8	0.0874554
45	0.0876692
45.2	0.0878834
45.4	0.0880981
45.6	0.0883133
45.8	0.088529
46	0.0887451
46.2	0.0889617
46.4	0.0891788
46.6	0.0893964
46.8	0.0896144
47	0.0898329
47.2	0.0900519
47.4	0.0902714
47.6	0.0904914
47.8	0.0907118
48	0.0909328
48.2	0.0911542
48.4	0.0913761
48.6	0.0915985
48.8	0.0918214
49	0.0920447
49.2	0.0922686
49.4	0.0924929
49.6	0.0927177
49.8	0.0929431
50	0.0931689
50.2	0.0933952
50.4	0.093622
50.6	0.0938493
50.8	0.094077
51	0.0943053
51.2	0.0945341
51.4	0.0947634
51.6	0.0949931
51.8	0.0952234
52	0.0954542
52.2	0.0956854
52.4	0.0959172
52.6	0.0961495
52.8	0.0963822
53	0.0966155
53.2	0.0968493
53.4	0.0970836
53.6	0.0973184
53.8	0.0975537
54	0.0977895
54.2	0.0980258
54.4	0.0982626
54.6	0.0984999
54.8	0.0987378
55	0.0989761
55.2	0.099215
55.4	0.0994544
55.6	0.0996943
55.8	0.0999347
56	0.100176
56.2	0.100417
56.4	0.100659
56.6	0.100901
56.8	0.101144
57	0.101388
57.2	0.101632
57.4	0.101877
57.6	0.102122
57.8	0.102367
58	0.102613
58.2	0.10286
58.4	0.103107
58.6	0.103355
58.8	0.103603
59	0.103852
59.2	0.104101
59.4	0.104351
59.6	0.104601
59.8	0.104852
60	0.105103
60.2	0.105355
60.4	0.105608
60.6	0.105861
60.8	0.106114
61	0.106368
61.2	0.106623
61.4	0.106878
61.6	0.107134
61.8	0.10739
62	0.107647
62.2	0.107904
62.4	0.108162
62.6	0.10842
62.8	0.108679
63	0.108939
63.2	0.109199
63.4	0.109459
63.6	0.10972
63.8	0.109982
64	0.110244
64.2	0.110507
64.4	0.11077
64.6	0.111034
64.8	0.111298
65	0.111563
65.2	0.111829
65.4	0.112095
65.6	0.112361
65.8	0.112628
66	0.112896
66.2	0.113164
66.4	0.113433
66.6	0.113702
66.8	0.113972
67	0.114243
67.2	0.114514
67.4	0.114785
67.6	0.115057
67.8	0.11533
68	0.115603
68.2	0.115877
68.4	0.116152
68.6	0.116427
68.8	0.116702
69	0.116978
69.2	0.117255
69.4	0.117532
69.6	0.11781
69.8	0.118088
70	0.118367
70.2	0.118647
70.4	0.118927
70.6	0.119207
70.8	0.119489
71	0.11977
71.2	0.120053
71.4	0.120336
71.6	0.120619
71.8	0.120903
72	0.121188
72.2	0.121473
72.4	0.121759
72.6	0.122045
72.8	0.122332
73	0.12262
73.2	0.122908
73.4	0.123197
73.6	0.123486
73.8	0.123776
74	0.124067
74.2	0.124358
74.4	0.124649
74.6	0.124941
74.8	0.125234
75	0.125528
75.2	0.125822
75.4	0.126116
75.6	0.126411
75.8	0.126707
76	0.127004
76.2	0.1273
76.4	0.127598
76.6	0.127896
76.8	0.128195
77	0.128494
77.2	0.128794
77.4	0.129095
77.6	0.129396
77.8	0.129697
78	0.13
78.2	0.130303
78.4	0.130606
78.6	0.13091
78.8	0.131215
79	0.13152
79.2	0.131826
79.4	0.132133
79.6	0.13244
79.8	0.132748
80	0.133056
80.2	0.133365
80.4	0.133674
80.6	0.133985
80.8	0.134295
81	0.134607
81.2	0.134919
81.4	0.135231
81.6	0.135544
81.8	0.135858
82	0.136173
82.2	0.136488
82.4	0.136803
82.6	0.13712
82.8	0.137437
83	0.137754
83.2	0.138072
83.4	0.138391
83.6	0.13871
83.8	0.13903
84	0.139351
84.2	0.139672
84.4	0.139994
84.6	0.140316
84.8	0.140639
85	0.140963
85.2	0.141287
85.4	0.141612
85.6	0.141938
85.8	0.142264
86	0.142591
86.2	0.142918
86.4	0.143246
86.6	0.143575
86.8	0.143904
87	0.144234
87.2	0.144565
87.4	0.144896
87.6	0.145228
87.8	0.14556
88	0.145893
88.2	0.146227
88.4	0.146561
88.6	0.146896
88.8	0.147232
89	0.147568
89.2	0.147905
89.4	0.148243
89.6	0.148581
89.8	0.148919
90	0.149259
90.2	0.149599
90.4	0.14994
90.6	0.150281
90.8	0.150623
91	0.150966
91.2	0.151309
91.4	0.151653
91.6	0.151997
91.8	0.152343
92	0.152688
92.2	0.153035
92.4	0.153382
92.6	0.15373
92.8	0.154078
93	0.154427
93.2	0.154777
93.4	0.155127
93.6	0.155478
93.8	0.15583
94	0.156182
94.2	0.156535
94.4	0.156889
94.6	0.157243
94.8	0.157598
95	0.157953
95.2	0.15831
95.4	0.158666
95.6	0.159024
95.8	0.159382
96	0.159741
96.2	0.1601
96.4	0.16046
96.6	0.160821
96.8	0.161183
97	0.161545
97.2	0.161907
97.4	0.162271
97.6	0.162635
97.8	0.162999
98	0.163365
98.2	0.163731
98.4	0.164098
98.6	0.164465
98.8	0.164833
99	0.165202
99.2	0.165571
99.4	0.165941
99.6	0.166311
99.8	0.166683
100	0.167055
100.2	0.167427
100.4	0.167801
100.6	0.168175
100.8	0.168549
101	0.168925
101.2	0.169301
101.4	0.169677
101.6	0.170054
101.8	0.170432
102	0.170811
102.2	0.17119
102.4	0.17157
102.6	0.171951
102.8	0.172332
103	0.172714
103.2	0.173097
103.4	0.17348
103.6	0.173864
103.8	0.174249
104	0.174634
104.2	0.17502
104.4	0.175407
104.6	0.175794
104.8	0.176182
105	0.176571
105.2	0.17696
105.4	0.17735
105.6	0.177741
105.8	0.178132
106	0.178524
106.2	0.178917
106.4	0.17931
106.6	0.179704
106.8	0.180099
107	0.180494
107.2	0.180891
107.4	0.181287
107.6	0.181685
107.8	0.182083
108	0.182482
108.2	0.182881
108.4	0.183281
108.6	0.183682
108.8	0.184084
109	0.184486
109.2	0.184889
109.4	0.185292
109.6	0.185697
109.8	0.186102
110	0.186507
110.2	0.186914
110.4	0.18732
110.6	0.187728
110.8	0.188136
111	0.188545
111.2	0.188955
111.4	0.189366
111.6	0.189777
111.8	0.190188
112	0.190601
112.2	0.191014
112.4	0.191428
112.6	0.191842
112.8	0.192257
113	0.192673
113.2	0.19309
113.4	0.193507
113.6	0.193925
113.8	0.194343
114	0.194763
114.2	0.195183
114.4	0.195603
114.6	0.196025
114.8	0.196447
115	0.196869
115.2	0.197293
115.4	0.197717
115.6	0.198142
115.8	0.198567
116	0.198993
116.2	0.19942
116.4	0.199847
116.6	0.200276
116.8	0.200704
117	0.201134
117.2	0.201564
117.4	0.201995
117.6	0.202427
117.8	0.202859
118	0.203292
118.2	0.203726
118.4	0.20416
118.6	0.204595
118.8	0.205031
119	0.205468
119.2	0.205905
119.4	0.206343
119.6	0.206781
119.8	0.20722
120	0.20766
120.2	0.208101
120.4	0.208542
120.6	0.208984
120.8	0.209427
121	0.20987
121.2	0.210314
121.4	0.210759
121.6	0.211204
121.8	0.21165
122	0.212097
122.2	0.212544
122.4	0.212993
122.6	0.213441
122.8	0.213891
123	0.214341
123.2	0.214792
123.4	0.215244
123.6	0.215696
123.8	0.216149
124	0.216603
124.2	0.217057
124.4	0.217512
124.6	0.217968
124.8	0.218424
125	0.218881
125.2	0.219339
125.4	0.219797
125.6	0.220257
125.8	0.220716
126	0.221177
126.2	0.221638
126.4	0.2221
126.6	0.222563
126.8	0.223026
127	0.22349
127.2	0.223955
127.4	0.22442
127.6	0.224886
127.8	0.225353
128	0.22582
128.2	0.226288
128.4	0.226757
128.6	0.227227
128.8	0.227697
129	0.228168
129.2	0.228639
129.4	0.229111
129.6	0.229584
129.8	0.230058
130	0.230532
130.2	0.231007
130.4	0.231483
130.6	0.231959
130.8	0.232436
131	0.232914
131.2	0.233392
131.4	0.233871
131.6	0.234351
131.8	0.234831
132	0.235313
132.2	0.235794
132.4	0.236277
132.6	0.23676
132.8	0.237244
133	0.237728
133.2	0.238213
133.4	0.238699
133.6	0.239186
133.8	0.239673
134	0.240161
134.2	0.24065
134.4	0.241139
134.6	0.241629
134.8	0.242119
135	0.242611
135.2	0.243103
135.4	0.243595
135.6	0.244089
135.8	0.244583
136	0.245077
136.2	0.245573
136.4	0.246069
136.6	0.246566
136.8	0.247063
137	0.247561
137.2	0.24806
137.4	0.248559
137.6	0.249059
137.8	0.24956
138	0.250061
138.2	0.250563
138.4	0.251066
138.6	0.25157
138.8	0.252074
139	0.252578
139.2	0.253084
139.4	0.25359
139.6	0.254097
139.8	0.254604
140	0.255112
140.2	0.255621
140.4	0.256131
140.6	0.256641
140.8	0.257151
141	0.257663
141.2	0.258175
141.4	0.258688
141.6	0.259201
141.8	0.259715
142	0.26023
142.2	0.260745
142.4	0.261261
142.6	0.261778
142.8	0.262296
143	0.262814
143.2	0.263332
143.4	0.263852
143.6	0.264372
143.8	0.264892
144	0.265414
144.2	0.265936
144.4	0.266458
144.6	0.266982
144.8	0.267506
145	0.26803
145.2	0.268555
145.4	0.269081
145.6	0.269608
145.8	0.270135
146	0.270663
146.2	0.271191
146.4	0.271721
146.6	0.27225
146.8	0.272781
147	0.273312
147.2	0.273844
147.4	0.274376
147.6	0.274909
147.8	0.275443
148	0.275977
148.2	0.276512
148.4	0.277047
148.6	0.277584
148.8	0.278121
149	0.278658
149.2	0.279196
149.4	0.279735
149.6	0.280274
149.8	0.280814
150	0.281355
150.2	0.281896
150.4	0.282438
150.6	0.282981
150.8	0.283524
151	0.284068
151.2	0.284612
151.4	0.285157
151.6	0.285703
151.8	0.286249
152	0.286796
152.2	0.287344
152.4	0.287892
152.6	0.288441
152.8	0.288991
153	0.289541
153.2	0.290091
153.4	0.290643
153.6	0.291195
153.8	0.291747
154	0.2923
154.2	0.292854
154.4	0.293408
154.6	0.293963
154.8	0.294519
155	0.295075
155.2	0.295632
155.4	0.29619
155.6	0.296748
155.8	0.297306
156	0.297866
156.2	0.298425
156.4	0.298986
156.6	0.299547
156.8	0.300109
157	0.300671
157.2	0.301234
157.4	0.301797
157.6	0.302361
157.8	0.302926
158	0.303491
158.2	0.304057
158.4	0.304624
158.6	0.305191
158.8	0.305759
159	0.306327
159.2	0.306896
159.4	0.307465
159.6	0.308035
159.8	0.308606
160	0.309177
160.2	0.309749
160.4	0.310321
160.6	0.310894
160.8	0.311467
161	0.312041
161.2	0.312616
161.4	0.313191
161.6	0.313767
161.8	0.314343
162	0.31492
162.2	0.315498
162.4	0.316076
162.6	0.316655
162.8	0.317234
163	0.317814
163.2	0.318394
163.4	0.318975
163.6	0.319557
163.8	0.320139
164	0.320721
164.2	0.321304
164.4	0.321888
164.6	0.322472
164.8	0.323057
165	0.323643
165.2	0.324229
165.4	0.324815
165.6	0.325402
165.8	0.32599
166	0.326578
166.2	0.327167
166.4	0.327756
166.6	0.328346
166.8	0.328936
167	0.329527
167.2	0.330118
167.4	0.33071
167.6	0.331303
167.8	0.331896
168	0.332489
168.2	0.333083
168.4	0.333678
168.6	0.334273
168.8	0.334869
169	0.335465
169.2	0.336062
169.4	0.336659
169.6	0.337257
169.8	0.337855
170	0.338454
170.2	0.339053
170.4	0.339653
170.6	0.340254
170.8	0.340854
171	0.341456
171.2	0.342058
171.4	0.34266
171.6	0.343263
171.8	0.343866
172	0.34447
172.2	0.345075
172.4	0.34568
172.6	0.346285
172.8	0.346891
173	0.347497
173.2	0.348104
173.4	0.348712
173.6	0.34932
173.8	0.349928
174	0.350537
174.2	0.351146
174.4	0.351756
174.6	0.352367
174.8	0.352977
175	0.353589
175.2	0.3542
175.4	0.354813
175.6	0.355425
175.8	0.356039
176	0.356652
176.2	0.357266
176.4	0.357881
176.6	0.358496
176.8	0.359112
177	0.359728
177.2	0.360344
177.4	0.360961
177.6	0.361579
177.8	0.362196
178	0.362815
178.2	0.363434
178.4	0.364053
178.6	0.364672
178.8	0.365293
179	0.365913
179.2	0.366534
179.4	0.367156
179.6	0.367777
179.8	0.3684
180	0.369023
180.2	0.369646
180.4	0.370269
180.6	0.370894
180.8	0.371518
181	0.372143
181.2	0.372768
181.4	0.373394
181.6	0.37402
181.8	0.374647
182	0.375274
182.2	0.375902
182.4	0.376529
182.6	0.377158
182.8	0.377787
183	0.378416
183.2	0.379045
183.4	0.379675
183.6	0.380306
183.8	0.380936
184	0.381567
184.2	0.382199
184.4	0.382831
184.6	0.383463
184.8	0.384096
185	0.384729
185.2	0.385363
185.4	0.385997
185.6	0.386631
185.8	0.387266
186	0.387901
186.2	0.388536
186.4	0.389172
186.6	0.389808
186.8	0.390445
187	0.391082
187.2	0.391719
187.4	0.392357
187.6	0.392995
187.8	0.393633
188	0.394272
188.2	0.394911
188.4	0.395551
188.6	0.396191
188.8	0.396831
189	0.397472
189.2	0.398113
189.4	0.398754
189.6	0.399396
189.8	0.400038
190	0.40068
190.2	0.401323
190.4	0.401966
190.6	0.402609
190.8	0.403253
191	0.403897
191.2	0.404541
191.4	0.405186
191.6	0.405831
191.8	0.406476
192	0.407122
192.2	0.407768
192.4	0.408414
192.6	0.409061
192.8	0.409707
193	0.410355
193.2	0.411002
193.4	0.41165
193.6	0.412298
193.8	0.412947
194	0.413596
194.2	0.414245
194.4	0.414894
194.6	0.415544
194.8	0.416194
195	0.416844
195.2	0.417494
195.4	0.418145
195.6	0.418796
195.8	0.419448
196	0.420099
196.2	0.420751
196.4	0.421404
196.6	0.422056
196.8	0.422709
197	0.423362
197.2	0.424015
197.4	0.424669
197.6	0.425323
197.8	0.425977
198	0.426631
198.2	0.427286
198.4	0.427941
198.6	0.428596
198.8	0.429251
199	0.429907
199.2	0.430563
199.4	0.431219
199.6	0.431875
199.8	0.432532
200	0.433189
200.2	0.433846
200.4	0.434503
200.6	0.43516
200.8	0.435818
201	0.436476
201.2	0.437134
201.4	0.437793
201.6	0.438451
201.8	0.43911
202	0.439769
202.2	0.440429
202.4	0.441088
202.6	0.441748
202.8	0.442408
203	0.443068
203.2	0.443728
203.4	0.444389
203.6	0.44505
203.8	0.44571
204	0.446372
204.2	0.447033
204.4	0.447694
204.6	0.448356
204.8	0.449018
205	0.44968
205.2	0.450342
205.4	0.451005
205.6	0.451667
205.8	0.45233
206	0.452993
206.2	0.453656
206.4	0.454319
206.6	0.454982
206.8	0.455646
207	0.45631
207.2	0.456974
207.4	0.457638
207.6	0.458302
207.8	0.458966
208	0.45963
208.2	0.460295
208.4	0.46096
208.6	0.461625
208.8	0.46229
209	0.462955
209.2	0.46362
209.4	0.464286
209.6	0.464951
209.8	0.465617
210	0.466283
210.2	0.466949
210.4	0.467615
210.6	0.468281
210.8	0.468947
211	0.469613
211.2	0.47028
211.4	0.470946
211.6	0.471613
211.8	0.47228
212	0.472947
212.2	0.473614
212.4	0.474281
212.6	0.474948
212.8	0.475615
213	0.476283
213.2	0.47695
213.4	0.477618
213.6	0.478285
213.8	0.478953
214	0.479621
214.2	0.480288
214.4	0.480956
214.6	0.481624
214.8	0.482292
215	0.48296
215.2	0.483629
215.4	0.484297
215.6	0.484965
215.8	0.485633
216	0.486302
216.2	0.48697
216.4	0.487639
216.6	0.488307
216.8	0.488976
217	0.489644
217.2	0.490313
217.4	0.490982
217.6	0.49165
217.8	0.492319
218	0.492988
218.2	0.493656
218.4	0.494325
218.6	0.494994
218.8	0.495663
219	0.496332
219.2	0.497001
219.4	0.49767
219.6	0.498338
219.8	0.499007
220	0.499676
220.2	0.500345
220.4	0.501014
220.6	0.501683
220.8	0.502352
221	0.503021
221.2	0.50369
221.4	0.504358
221.6	0.505027
221.8	0.505696
222	0.506365
222.2	0.507034
222.4	0.507702
222.6	0.508371
222.8	0.50904
223	0.509708
223.2	0.510377
223.4	0.511046
223.6	0.511714
223.8	0.512383
224	0.513051
224.2	0.51372
224.4	0.514388
224.6	0.515056
224.8	0.515725
225	0.516393
225.2	0.517061
225.4	0.517729
225.6	0.518397
225.8	0.519065
226	0.519733
226.2	0.520401
226.4	0.521068
226.6	0.521736
226.8	0.522404
227	0.523071
227.2	0.523739
227.4	0.524406
227.6	0.525073
227.8	0.52574
228	0.526407
228.2	0.527074
228.4	0.527741
228.6	0.528408
228.8	0.529075
229	0.529741
229.2	0.530408
229.4	0.531074
229.6	0.53174
229.8	0.532407
230	0.533073
230.2	0.533739
230.4	0.534404
230.6	0.53507
230.8	0.535736
231	0.536401
231.2	0.537066
231.4	0.537731
231.6	0.538396
231.8	0.539061
232	0.539726
232.2	0.540391
232.4	0.541055
232.6	0.541719
232.8	0.542384
233	0.543048
233.2	0.543711
233.4	0.544375
233.6	0.545039
233.8	0.545702
234	0.546365
234.2	0.547028
234.4	0.547691
234.6	0.548354
234.8	0.549017
235	0.549679
235.2	0.550341
235.4	0.551003
235.6	0.551665
235.8	0.552327
236	0.552988
236.2	0.553649
236.4	0.554311
236.6	0.554971
236.8	0.555632
237	0.556293
237.2	0.556953
237.4	0.557613
237.6	0.558273
237.8	0.558933
238	0.559592
238.2	0.560252
238.4	0.560911
238.6	0.56157
238.8	0.562228
239	0.562887
239.2	0.563545
239.4	0.564203
239.6	0.564861
239.8	0.565518
240	0.566175
240.2	0.566832
240.4	0.567489
240.6	0.568146
240.8	0.568802
241	0.569458
241.2	0.570114
241.4	0.57077
241.6	0.571425
241.8	0.57208
242	0.572735
242.2	0.57339
242.4	0.574044
242.6	0.574698
242.8	0.575352
243	0.576006
243.2	0.576659
243.4	0.577312
243.6	0.577965
243.8	0.578617
244	0.579269
244.2	0.579921
244.4	0.580573
244.6	0.581224
244.8	0.581876
245	0.582526
245.2	0.583177
245.4	0.583827
245.6	0.584477
245.8	0.585127
246	0.585776
246.2	0.586425
246.4	0.587074
246.6	0.587722
246.8	0.588371
247	0.589018
247.2	0.589666
247.4	0.590313
247.6	0.59096
247.8	0.591607
248	0.592253
248.2	0.592899
248.4	0.593545
248.6	0.59419
248.8	0.594835
249	0.59548
249.2	0.596124
249.4	0.596768
249.6	0.597412
249.8	0.598055
250	0.598698
250.2	0.599341
250.4	0.599983
250.6	0.600625
250.8	0.601266
251	0.601908
251.2	0.602549
251.4	0.603189
251.6	0.60383
251.8	0.604469
252	0.605109
252.2	0.605748
252.4	0.606387
252.6	0.607025
252.8	0.607663
253	0.608301
253.2	0.608938
253.4	0.609575
253.6	0.610212
253.8	0.610848
254	0.611484
254.2	0.612119
254.4	0.612754
254.6	0.613389
254.8	0.614023
255	0.614657
255.2	0.615291
255.4	0.615924
255.6	0.616557
255.8	0.617189
256	0.617821
256.2	0.618453
256.4	0.619084
256.6	0.619715
256.8	0.620345
257	0.620975
257.2	0.621604
257.4	0.622234
257.6	0.622862
257.8	0.623491
258	0.624118
258.2	0.624746
258.4	0.625373
258.6	0.626
258.8	0.626626
259	0.627252
259.2	0.627877
259.4	0.628502
259.6	0.629126
259.8	0.62975
260	0.630374
260.2	0.630997
260.4	0.63162
260.6	0.632242
260.8	0.632864
261	0.633486
261.2	0.634107
261.4	0.634727
261.6	0.635347
261.8	0.635967
262	0.636586
262.2	0.637205
262.4	0.637823
262.6	0.638441
262.8	0.639058
263	0.639675
263.2	0.640292
263.4	0.640908
263.6	0.641523
263.8	0.642139
264	0.642753
264.2	0.643367
264.4	0.643981
264.6	0.644594
264.8	0.645207
265	0.645819
265.2	0.646431
265.4	0.647042
265.6	0.647653
265.8	0.648263
266	0.648873
266.2	0.649482
266.4	0.650091
266.6	0.6507
266.8	0.651308
267	0.651915
267.2	0.652522
267.4	0.653128
267.6	0.653734
267.8	0.65434
268	0.654945
268.2	0.655549
268.4	0.656153
268.6	0.656756
268.8	0.657359
269	0.657962
269.2	0.658563
269.4	0.659165
269.6	0.659766
269.8	0.660366
270	0.660966
270.2	0.661565
270.4	0.662164
270.6	0.662762
270.8	0.66336
271	0.663957
271.2	0.664554
271.4	0.66515
271.6	0.665746
271.8	0.666341
272	0.666935
272.2	0.66753
272.4	0.668123
272.6	0.668716
272.8	0.669309
273	0.6699
273.2	0.670492
273.4	0.671083
273.6	0.671673
273.8	0.672263
274	0.672852
274.2	0.673441
274.4	0.674029
274.6	0.674616
274.8	0.675203
275	0.67579
275.2	0.676376
275.4	0.676961
275.6	0.677546
275.8	0.67813
276	0.678714
276.2	0.679297
276.4	0.67988
276.6	0.680462
276.8	0.681043
277	0.681624
277.2	0.682205
277.4	0.682784
277.6	0.683364
277.8	0.683942
278	0.68452
278.2	0.685098
278.4	0.685675
278.6	0.686251
278.8	0.686827
279	0.687402
279.2	0.687977
279.4	0.688551
279.6	0.689124
279.8	0.689697
280	0.69027
280.2	0.690841
280.4	0.691413
280.6	0.691983
280.8	0.692553
281	0.693123
281.2	0.693691
281.4	0.69426
281.6	0.694827
281.8	0.695394
282	0.695961
282.2	0.696527
282.4	0.697092
282.6	0.697656
282.8	0.698221
283	0.698784
283.2	0.699347
283.4	0.699909
283.6	0.700471
283.8	0.701032
284	0.701592
284.2	0.702152
284.4	0.702711
284.6	0.70327
284.8	0.703828
285	0.704386
285.2	0.704942
285.4	0.705499
285.6	0.706054
285.8	0.706609
286	0.707164
286.2	0.707717
286.4	0.708271
286.6	0.708823
286.8	0.709375
287	0.709926
287.2	0.710477
287.4	0.711027
287.6	0.711576
287.8	0.712125
288	0.712673
288.2	0.713221
288.4	0.713768
288.6	0.714314
288.8	0.71486
289	0.715405
289.2	0.715949
289.4	0.716493
289.6	0.717036
289.8	0.717579
290	0.718121
290.2	0.718662
290.4	0.719203
290.6	0.719743
290.8	0.720282
291	0.720821
291.2	0.721359
291.4	0.721897
291.6	0.722433
291.8	0.72297
292	0.723505
292.2	0.72404
292.4	0.724574
292.6	0.725108
292.8	0.725641
293	0.726173
293.2	0.726705
293.4	0.727236
293.6	0.727767
293.8	0.728296
294	0.728825
294.2	0.729354
294.4	0.729882
294.6	0.730409
294.8	0.730935
295	0.731461
295.2	0.731987
295.4	0.732511
295.6	0.733035
295.8	0.733558
296	0.734081
296.2	0.734603
296.4	0.735124
296.6	0.735645
296.8	0.736165
297	0.736684
297.2	0.737203
297.4	0.737721
297.6	0.738238
297.8	0.738755
298	0.739271
298.2	0.739786
298.4	0.740301
298.6	0.740815
298.8	0.741329
299	0.741841
299.2	0.742353
299.4	0.742865
299.6	0.743376
299.8	0.743886
300	0.744395
300.2	0.744904
300.4	0.745412
300.6	0.745919
300.8	0.746426
301	0.746932
301.2	0.747438
301.4	0.747942
301.6	0.748446
301.8	0.74895
302	0.749453
302.2	0.749955
302.4	0.750456
302.6	0.750957
302.8	0.751457
303	0.751956
303.2	0.752455
303.4	0.752953
303.6	0.75345
303.8	0.753947
304	0.754443
304.2	0.754938
304.4	0.755433
304.6	0.755927
304.8	0.75642
305	0.756913
305.2	0.757405
305.4	0.757896
305.6	0.758387
305.8	0.758877
306	0.759366
306.2	0.759855
306.4	0.760342
306.6	0.76083
306.8	0.761316
307	0.761802
307.2	0.762287
307.4	0.762772
307.6	0.763255
307.8	0.763739
308	0.764221
308.2	0.764703
308.4	0.765184
308.6	0.765664
308.8	0.766144
309	0.766623
309.2	0.767101
309.4	0.767579
309.6	0.768056
309.8	0.768532
310	0.769008
310.2	0.769483
310.4	0.769957
310.6	0.770431
310.8	0.770904
311	0.771376
311.2	0.771847
311.4	0.772318
311.6	0.772788
311.8	0.773258
312	0.773727
312.2	0.774195
312.4	0.774662
312.6	0.775129
312.8	0.775595
313	0.77606
313.2	0.776525
313.4	0.776989
313.6	0.777452
313.8	0.777915
314	0.778376
314.2	0.778838
314.4	0.779298
314.6	0.779758
314.8	0.780217
315	0.780676
315.2	0.781133
315.4	0.78159
315.6	0.782047
315.8	0.782503
316	0.782958
316.2	0.783412
316.4	0.783866
316.6	0.784319
316.8	0.784771
317	0.785222
317.2	0.785673
317.4	0.786123
317.6	0.786573
317.8	0.787022
318	0.78747
318.2	0.787917
318.4	0.788364
318.6	0.78881
318.8	0.789256
319	0.7897
319.2	0.790144
319.4	0.790588
319.6	0.79103
319.8	0.791472
320	0.791913
320.2	0.792354
320.4	0.792794
320.6	0.793233
320.8	0.793671
321	0.794109
321.2	0.794546
321.4	0.794983
321.6	0.795419
321.8	0.795854
322	0.796288
322.2	0.796722
322.4	0.797155
322.6	0.797587
322.8	0.798018
323	0.798449
323.2	0.79888
323.4	0.799309
323.6	0.799738
323.8	0.800166
324	0.800594
324.2	0.801021
324.4	0.801447
324.6	0.801872
324.8	0.802297
325	0.802721
325.2	0.803144
325.4	0.803567
325.6	0.803989
325.8	0.80441
326	0.804831
326.2	0.805251
326.4	0.80567
326.6	0.806089
326.8	0.806506
327	0.806924
327.2	0.80734
327.4	0.807756
327.6	0.808171
327.8	0.808586
328	0.808999
328.2	0.809412
328.4	0.809825
328.6	0.810237
328.8	0.810648
329	0.811058
329.2	0.811468
329.4	0.811877
329.6	0.812285
329.8	0.812692
330	0.813099
330.2	0.813506
330.4	0.813911
330.6	0.814316
330.8	0.81472
331	0.815124
331.2	0.815527
331.4	0.815929
331.6	0.816331
331.8	0.816731
332	0.817131
332.2	0.817531
332.4	0.81793
332.6	0.818328
332.8	0.818725
333	0.819122
333.2	0.819518
333.4	0.819914
333.6	0.820308
333.8	0.820702
334	0.821096
334.2	0.821488
334.4	0.82188
334.6	0.822272
334.8	0.822662
335	0.823052
335.2	0.823442
335.4	0.82383
335.6	0.824218
335.8	0.824606
336	0.824992
336.2	0.825378
336.4	0.825764
336.6	0.826148
336.8	0.826532
337	0.826915
337.2	0.827298
337.4	0.82768
337.6	0.828061
337.8	0.828442
338	0.828822
338.2	0.829201
338.4	0.82958
338.6	0.829958
338.8	0.830335
339	0.830711
339.2	0.831087
339.4	0.831463
339.6	0.831837
339.8	0.832211
340	0.832585
340.2	0.832957
340.4	0.833329
340.6	0.8337
340.8	0.834071
341	0.834441
341.2	0.83481
341.4	0.835179
341.6	0.835547
341.8	0.835914
342	0.836281
342.2	0.836647
342.4	0.837012
342.6	0.837377
342.8	0.837741
343	0.838104
343.2	0.838467
343.4	0.838829
343.6	0.83919
343.8	0.839551
344	0.839911
344.2	0.840271
344.4	0.840629
344.6	0.840988
344.8	0.841345
345	0.841702
345.2	0.842058
345.4	0.842414
345.6	0.842768
345.8	0.843123
346	0.843476
346.2	0.843829
346.4	0.844181
346.6	0.844533
346.8	0.844884
347	0.845234
347.2	0.845584
347.4	0.845933
347.6	0.846281
347.8	0.846629
348	0.846976
348.2	0.847323
348.4	0.847669
348.6	0.848014
348.8	0.848358
349	0.848702
349.2	0.849045
349.4	0.849388
349.6	0.84973
349.8	0.850071
350	0.850412
350.2	0.850752
350.4	0.851091
350.6	0.85143
350.8	0.851768
351	0.852106
351.2	0.852443
351.4	0.852779
351.6	0.853114
351.8	0.853449
352	0.853784
352.2	0.854117
352.4	0.85445
352.6	0.854783
352.8	0.855115
353	0.855446
353.2	0.855776
353.4	0.856106
353.6	0.856436
353.8	0.856764
354	0.857092
354.2	0.85742
354.4	0.857747
354.6	0.858073
354.8	0.858398
355	0.858723
355.2	0.859047
355.4	0.859371
355.6	0.859694
355.8	0.860017
356	0.860338
356.2	0.86066
356.4	0.86098
356.6	0.8613
356.8	0.861619
357	0.861938
357.2	0.862256
357.4	0.862574
357.6	0.86289
357.8	0.863207
358	0.863522
358.2	0.863837
358.4	0.864152
358.6	0.864466
358.8	0.864779
359	0.865091
359.2	0.865403
359.4	0.865715
359.6	0.866025
359.8	0.866335
360	0.866645
360.2	0.866954
360.4	0.867262
360.6	0.86757
360.8	0.867877
361	0.868184
361.2	0.868489
361.4	0.868795
361.6	0.869099
361.8	0.869403
362	0.869707
362.2	0.87001
362.4	0.870312
362.6	0.870614
362.8	0.870915
363	0.871215
363.2	0.871515
363.4	0.871815
363.6	0.872113
363.8	0.872411
364	0.872709
364.2	0.873006
364.4	0.873302
364.6	0.873598
364.8	0.873893
365	0.874188
365.2	0.874482
365.4	0.874775
365.6	0.875068
365.8	0.87536
366	0.875652
366.2	0.875943
366.4	0.876233
366.6	0.876523
366.8	0.876812
367	0.877101
367.2	0.877389
367.4	0.877677
367.6	0.877964
367.8	0.87825
368	0.878536
368.2	0.878821
368.4	0.879106
368.6	0.87939
368.8	0.879673
369	0.879956
369.2	0.880239
369.4	0.88052
369.6	0.880802
369.8	0.881082
370	0.881362
370.2	0.881642
370.4	0.881921
370.6	0.882199
370.8	0.882477
371	0.882754
371.2	0.883031
371.4	0.883307
371.6	0.883582
371.8	0.883857
372	0.884131
372.2	0.884405
372.4	0.884679
372.6	0.884951
372.8	0.885223
373	0.885495
373.2	0.885766
373.4	0.886036
373.6	0.886306
373.8	0.886576
374	0.886844
374.2	0.887113
374.4	0.88738
374.6	0.887647
374.8	0.887914
375	0.88818
375.2	0.888445
375.4	0.88871
375.6	0.888975
375.8	0.889238
376	0.889502
376.2	0.889764
376.4	0.890027
376.6	0.890288
376.8	0.890549
377	0.89081
377.2	0.89107
377.4	0.891329
377.6	0.891588
377.8	0.891846
378	0.892104
378.2	0.892361
378.4	0.892618
378.6	0.892874
378.8	0.89313
379	0.893385
379.2	0.89364
379.4	0.893894
379.6	0.894147
379.8	0.8944
380	0.894653
380.2	0.894905
380.4	0.895156
380.6	0.895407
380.8	0.895657
381	0.895907
381.2	0.896156
381.4	0.896405
381.6	0.896653
381.8	0.896901
382	0.897148
382.2	0.897395
382.4	0.897641
382.6	0.897886
382.8	0.898131
383	0.898376
383.2	0.89862
383.4	0.898863
383.6	0.899106
383.8	0.899349
384	0.899591
384.2	0.899832
384.4	0.900073
384.6	0.900313
384.8	0.900553
385	0.900793
385.2	0.901031
385.4	0.90127
385.6	0.901508
385.8	0.901745
386	0.901982
386.2	0.902218
386.4	0.902454
386.6	0.902689
386.8	0.902924
387	0.903158
387.2	0.903392
387.4	0.903625
387.6	0.903858
387.8	0.90409
388	0.904322
388.2	0.904553
388.4	0.904784
388.6	0.905014
388.8	0.905244
389	0.905473
389.2	0.905702
389.4	0.90593
389.6	0.906158
389.8	0.906385
390	0.906612
390.2	0.906838
390.4	0.907064
390.6	0.907289
390.8	0.907514
391	0.907739
391.2	0.907962
391.4	0.908186
391.6	0.908409
391.8	0.908631
392	0.908853
392.2	0.909074
392.4	0.909295
392.6	0.909516
392.8	0.909736
393	0.909955
393.2	0.910174
393.4	0.910393
393.6	0.910611
393.8	0.910828
394	0.911045
394.2	0.911262
394.4	0.911478
394.6	0.911694
394.8	0.911909
395	0.912123
395.2	0.912338
395.4	0.912551
395.6	0.912765
395.8	0.912977
396	0.91319
396.2	0.913402
396.4	0.913613
396.6	0.913824
396.8	0.914034
397	0.914244
397.2	0.914454
397.4	0.914663
397.6	0.914872
397.8	0.91508
398	0.915288
398.2	0.915495
398.4	0.915702
398.6	0.915908
398.8	0.916114
399	0.916319
399.2	0.916524
399.4	0.916728
399.6	0.916933
399.8	0.917136
400	0.917339
400.2	0.917542
400.4	0.917744
400.6	0.917946
400.8	0.918147
401	0.918348
401.2	0.918548
401.4	0.918748
401.6	0.918948
401.8	0.919147
402	0.919346
402.2	0.919544
402.4	0.919741
402.6	0.919939
402.8	0.920136
403	0.920332
403.2	0.920528
403.4	0.920723
403.6	0.920918
403.8	0.921113
404	0.921307
404.2	0.921501
404.4	0.921694
404.6	0.921887
404.8	0.92208
405	0.922272
405.2	0.922463
405.4	0.922654
405.6	0.922845
405.8	0.923036
406	0.923225
406.2	0.923415
406.4	0.923604
406.6	0.923792
406.8	0.923981
407	0.924168
407.2	0.924356
407.4	0.924542
407.6	0.924729
407.8	0.924915
408	0.9251
408.2	0.925286
408.4	0.92547
408.6	0.925655
408.8	0.925839
409	0.926022
409.2	0.926205
409.4	0.926388
409.6	0.92657
409.8	0.926752
410	0.926933
410.2	0.927114
410.4	0.927295
410.6	0.927475
410.8	0.927655
411	0.927834
411.2	0.928013
411.4	0.928192
411.6	0.92837
411.8	0.928548
412	0.928725
412.2	0.928902
412.4	0.929078
412.6	0.929254
412.8	0.92943
413	0.929605
413.2	0.92978
413.4	0.929955
413.6	0.930129
413.8	0.930303
414	0.930476
414.2	0.930649
414.4	0.930821
414.6	0.930993
414.8	0.931165
415	0.931336
415.2	0.931507
415.4	0.931678
415.6	0.931848
415.8	0.932018
416	0.932187
416.2	0.932356
416.4	0.932524
416.6	0.932693
416.8	0.93286
417	0.933028
417.2	0.933195
417.4	0.933361
417.6	0.933528
417.8	0.933693
418	0.933859
418.2	0.934024
418.4	0.934189
418.6	0.934353
418.8	0.934517
419	0.93468
419.2	0.934844
419.4	0.935006
419.6	0.935169
419.8	0.935331
420	0.935492
420.2	0.935654
420.4	0.935815
420.6	0.935975
420.8	0.936135
421	0.936295
421.2	0.936454
421.4	0.936613
421.6	0.936772
421.8	0.93693
422	0.937088
422.2	0.937246
422.4	0.937403
422.6	0.93756
422.8	0.937716
423	0.937872
423.2	0.938028
423.4	0.938183
423.6	0.938338
423.8	0.938493
424	0.938647
424.2	0.938801
424.4	0.938955
424.6	0.939108
424.8	0.939261
425	0.939413
425.2	0.939565
425.4	0.939717
425.6	0.939869
425.8	0.94002
426	0.94017
426.2	0.940321
426.4	0.940471
426.6	0.94062
426.8	0.940769
427	0.940918
427.2	0.941067
427.4	0.941215
427.6	0.941363
427.8	0.94151
428	0.941658
428.2	0.941804
428.4	0.941951
428.6	0.942097
428.8	0.942243
429	0.942388
429.2	0.942533
429.4	0.942678
429.6	0.942823
429.8	0.942967
430	0.94311
430.2	0.943254
430.4	0.943397
430.6	0.943539
430.8	0.943682
431	0.943824
431.2	0.943966
431.4	0.944107
431.6	0.944248
431.8	0.944389
432	0.944529
432.2	0.944669
432.4	0.944809
432.6	0.944948
432.8	0.945087
433	0.945226
433.2	0.945364
433.4	0.945502
433.6	0.94564
433.8	0.945777
434	0.945914
434.2	0.946051
434.4	0.946187
434.6	0.946323
434.8	0.946459
435	0.946595
435.2	0.94673
435.4	0.946864
435.6	0.946999
435.8	0.947133
436	0.947267
436.2	0.9474
436.4	0.947534
436.6	0.947666
436.8	0.947799
437	0.947931
437.2	0.948063
437.4	0.948195
437.6	0.948326
437.8	0.948457
438	0.948588
438.2	0.948718
438.4	0.948848
438.6	0.948978
438.8	0.949107
439	0.949236
439.2	0.949365
439.4	0.949493
439.6	0.949621
439.8	0.949749
440	0.949877
440.2	0.950004
440.4	0.950131
440.6	0.950258
440.8	0.950384
441	0.95051
441.2	0.950636
441.4	0.950761
441.6	0.950886
441.8	0.951011
442	0.951135
442.2	0.95126
442.4	0.951384
442.6	0.951507
442.8	0.95163
443	0.951753
443.2	0.951876
443.4	0.951999
443.6	0.952121
443.8	0.952243
444	0.952364
444.2	0.952485
444.4	0.952606
444.6	0.952727
444.8	0.952847
445	0.952967
445.2	0.953087
445.4	0.953207
445.6	0.953326
445.8	0.953445
446	0.953563
446.2	0.953682
446.4	0.9538
446.6	0.953917
446.8	0.954035
447	0.954152
447.2	0.954269
447.4	0.954386
447.6	0.954502
447.8	0.954618
448	0.954734
448.2	0.954849
448.4	0.954965
448.6	0.955079
448.8	0.955194
449	0.955308
449.2	0.955423
449.4	0.955536
449.6	0.95565
449.8	0.955763
450	0.955876
450.2	0.955989
450.4	0.956101
450.6	0.956213
450.8	0.956325
451	0.956437
451.2	0.956548
451.4	0.956659
451.6	0.95677
451.8	0.956881
452	0.956991
452.2	0.957101
452.4	0.957211
452.6	0.95732
452.8	0.957429
453	0.957538
453.2	0.957647
453.4	0.957755
453.6	0.957863
453.8	0.957971
454	0.958079
454.2	0.958186
454.4	0.958293
454.6	0.9584
454.8	0.958507
455	0.958613
455.2	0.958719
455.4	0.958825
455.6	0.95893
455.8	0.959035
456	0.95914
456.2	0.959245
456.4	0.95935
456.6	0.959454
456.8	0.959558
457	0.959661
457.2	0.959765
457.4	0.959868
457.6	0.959971
457.8	0.960074
458	0.960176
458.2	0.960278
458.4	0.96038
458.6	0.960482
458.8	0.960583
459	0.960685
459.2	0.960786
459.4	0.960886
459.6	0.960987
459.8	0.961087
460	0.961187
460.2	0.961286
460.4	0.961386
460.6	0.961485
460.8	0.961584
461	0.961683
461.2	0.961781
461.4	0.961879
461.6	0.961977
461.8	0.962075
462	0.962173
462.2	0.96227
462.4	0.962367
462.6	0.962464
462.8	0.96256
463	0.962657
463.2	0.962753
463.4	0.962849
463.6	0.962944
463.8	0.963039
464	0.963135
464.2	0.963229
464.4	0.963324
464.6	0.963419
464.8	0.963513
465	0.963607
465.2	0.9637
465.4	0.963794
465.6	0.963887
465.8	0.96398
466	0.964073
466.2	0.964165
466.4	0.964258
466.6	0.96435
466.8	0.964442
467	0.964533
467.2	0.964625
467.4	0.964716
467.6	0.964807
467.8	0.964898
468	0.964988
468.2	0.965078
468.4	0.965169
468.6	0.965258
468.8	0.965348
469	0.965437
469.2	0.965527
469.4	0.965615
469.6	0.965704
469.8	0.965793
470	0.965881
470.2	0.965969
470.4	0.966057
470.6	0.966145
470.8	0.966232
471	0.966319
471.2	0.966406
471.4	0.966493
471.6	0.966579
471.8	0.966666
472	0.966752
472.2	0.966838
472.4	0.966923
472.6	0.967009
472.8	0.967094
473	0.967179
473.2	0.967264
473.4	0.967349
473.6	0.967433
473.8	0.967517
474	0.967601
474.2	0.967685
474.4	0.967769
474.6	0.967852
474.8	0.967935
475	0.968018
475.2	0.968101
475.4	0.968183
475.6	0.968266
475.8	0.968348
476	0.96843
476.2	0.968511
476.4	0.968593
476.6	0.968674
476.8	0.968755
477	0.968836
477.2	0.968917
477.4	0.968997
477.6	0.969077
477.8	0.969158
478	0.969237
478.2	0.969317
478.4	0.969397
478.6	0.969476
478.8	0.969555
479	0.969634
479.2	0.969712
479.4	0.969791
479.6	0.969869
479.8	0.969947
480	0.970025
480.2	0.970103
480.4	0.97018
480.6	0.970258
480.8	0.970335
481	0.970412
481.2	0.970488
481.4	0.970565
481.6	0.970641
481.8	0.970718
482	0.970793
482.2	0.970869
482.4	0.970945
482.6	0.97102
482.8	0.971095
483	0.97117
483.2	0.971245
483.4	0.97132
483.6	0.971394
483.8	0.971469
484	0.971543
484.2	0.971616
484.4	0.97169
484.6	0.971764
484.8	0.971837
485	0.97191
485.2	0.971983
485.4	0.972056
485.6	0.972128
485.8	0.972201
486	0.972273
486.2	0.972345
486.4	0.972417
486.6	0.972489
486.8	0.97256
487	0.972631
487.2	0.972703
487.4	0.972774
487.6	0.972844
487.8	0.972915
488	0.972985
488.2	0.973056
488.4	0.973126
488.6	0.973196
488.8	0.973265
489	0.973335
489.2	0.973404
489.4	0.973473
489.6	0.973542
489.8	0.973611
490	0.97368
490.2	0.973748
490.4	0.973817
490.6	0.973885
490.8	0.973953
491	0.97402
491.2	0.974088
491.4	0.974156
491.6	0.974223
491.8	0.97429
492	0.974357
492.2	0.974424
492.4	0.97449
492.6	0.974557
492.8	0.974623
493	0.974689
493.2	0.974755
493.4	0.974821
493.6	0.974886
493.8	0.974952
494	0.975017
494.2	0.975082
494.4	0.975147
494.6	0.975212
494.8	0.975276
495	0.975341
495.2	0.975405
495.4	0.975469
495.6	0.975533
495.8	0.975597
496	0.97566
496.2	0.975724
496.4	0.975787
496.6	0.97585
496.8	0.975913
497	0.975976
497.2	0.976039
497.4	0.976101
497.6	0.976164
497.8	0.976226
498	0.976288
498.2	0.97635
498.4	0.976411
498.6	0.976473
498.8	0.976534
499	0.976596
499.2	0.976657
499.4	0.976718
499.6	0.976778
499.8	0.976839
500	0.976899
500.2	0.97696
500.4	0.97702
500.6	0.97708
500.8	0.97714
501	0.977199
501.2	0.977259
501.4	0.977318
501.6	0.977378
501.8	0.977437
502	0.977496
502.2	0.977554
502.4	0.977613
502.6	0.977671
502.8	0.97773
503	0.977788
503.2	0.977846
503.4	0.977904
503.6	0.977962
503.8	0.978019
504	0.978077
504.2	0.978134
504.4	0.978191
504.6	0.978248
504.8	0.978305
505	0.978362
505.2	0.978418
505.4	0.978475
505.6	0.978531
505.8	0.978587
506	0.978643
506.2	0.978699
506.4	0.978755
506.6	0.97881
506.8	0.978866
507	0.978921
507.2	0.978976
507.4	0.979031
507.6	0.979086
507.8	0.979141
508	0.979195
508.2	0.97925
508.4	0.979304
508.6	0.979358
508.8	0.979412
509	0.979466
509.2	0.97952
509.4	0.979573
509.6	0.979627
509.8	0.97968
510	0.979733
510.2	0.979786
510.4	0.979839
510.6	0.979892
510.8	0.979945
511	0.979997
511.2	0.98005
511.4	0.980102
511.6	0.980154
511.8	0.980206
512	0.980258
512.2	0.98031
512.4	0.980361
512.6	0.980413
512.8	0.980464
513	0.980515
513.2	0.980566
513.4	0.980617
513.6	0.980668
513.8	0.980719
514	0.980769
514.2	0.980819
514.4	0.98087
514.6	0.98092
514.8	0.98097
515	0.98102
515.2	0.981069
515.4	0.981119
515.6	0.981169
515.8	0.981218
516	0.981267
516.2	0.981316
516.4	0.981365
516.6	0.981414
516.8	0.981463
517	0.981512
517.2	0.98156
517.4	0.981608
517.6	0.981657
517.8	0.981705
518	0.981753
518.2	0.981801
518.4	0.981848
518.6	0.981896
518.8	0.981944
519	0.981991
519.2	0.982038
519.4	0.982085
519.6	0.982132
519.8	0.982179
520	0.982226
520.2	0.982273
520.4	0.982319
520.6	0.982366
520.8	0.982412
521	0.982458
521.2	0.982504
521.4	0.98255
521.6	0.982596
521.8	0.982642
522	0.982687
522.2	0.982733
522.4	0.982778
522.6	0.982823
522.8	0.982868
523	0.982913
523.2	0.982958
523.4	0.983003
523.6	0.983048
523.8	0.983092
524	0.983136
524.2	0.983181
524.4	0.983225
524.6	0.983269
524.8	0.983313
525	0.983357
525.2	0.983401
525.4	0.983444
525.6	0.983488
525.8	0.983531
526	0.983574
526.2	0.983618
526.4	0.983661
526.6	0.983704
526.8	0.983746
527	0.983789
527.2	0.983832
527.4	0.983874
527.6	0.983917
527.8	0.983959
528	0.984001
528.2	0.984043
528.4	0.984085
528.6	0.984127
528.8	0.984169
529	0.98421
529.2	0.984252
529.4	0.984293
529.6	0.984335
529.8	0.984376
530	0.984417
530.2	0.984458
530.4	0.984499
530.6	0.98454
530.8	0.98458
531	0.984621
531.2	0.984661
531.4	0.984702
531.6	0.984742
531.8	0.984782
532	0.984822
532.2	0.984862
532.4	0.984902
532.6	0.984942
532.8	0.984981
533	0.985021
533.2	0.98506
533.4	0.985099
533.6	0.985139
533.8	0.985178
534	0.985217
534.2	0.985256
534.4	0.985295
534.6	0.985333
534.8	0.985372
535	0.98541
535.2	0.985449
535.4	0.985487
535.6	0.985525
535.8	0.985564
536	0.985602
536.2	0.985639
536.4	0.985677
536.6	0.985715
536.8	0.985753
537	0.98579
537.2	0.985828
537.4	0.985865
537.6	0.985902
537.8	0.985939
538	0.985976
538.2	0.986013
538.4	0.98605
538.6	0.986087
538.8	0.986124
539	0.98616
539.2	0.986197
539.4	0.986233
539.6	0.986269
539.8	0.986305
540	0.986342
540.2	0.986378
540.4	0.986413
540.6	0.986449
540.8	0.986485
541	0.986521
541.2	0.986556
541.4	0.986592
541.6	0.986627
541.8	0.986662
542	0.986697
542.2	0.986732
542.4	0.986767
542.6	0.986802
542.8	0.986837
543	0.986872
543.2	0.986906
543.4	0.986941
543.6	0.986975
543.8	0.98701
544	0.987044
544.2	0.987078
544.4	0.987112
544.6	0.987146
544.8	0.98718
545	0.987214
545.2	0.987248
545.4	0.987281
545.6	0.987315
545.8	0.987348
546	0.987382
546.2	0.987415
546.4	0.987448
546.6	0.987481
546.8	0.987514
547	0.987547
547.2	0.98758
547.4	0.987613
547.6	0.987646
547.8	0.987678
548	0.987711
548.2	0.987743
548.4	0.987776
548.6	0.987808
548.8	0.98784
549	0.987872
549.2	0.987904
549.4	0.987936
549.6	0.987968
549.8	0.988
550	0.988031
550.2	0.988063
550.4	0.988094
550.6	0.988126
550.8	0.988157
551	0.988188
551.2	0.98822
551.4	0.988251
551.6	0.988282
551.8	0.988313
552	0.988344
552.2	0.988374
552.4	0.988405
552.6	0.988436
552.8	0.988466
553	0.988497
553.2	0.988527
553.4	0.988557
553.6	0.988588
553.8	0.988618
554	0.988648
554.2	0.988678
554.4	0.988708
554.6	0.988738
554.8	0.988767
555	0.988797
555.2	0.988827
555.4	0.988856
555.6	0.988886
555.8	0.988915
556	0.988944
556.2	0.988973
556.4	0.989003
556.6	0.989032
556.8	0.989061
557	0.98909
557.2	0.989118
557.4	0.989147
557.6	0.989176
557.8	0.989204
558	0.989233
558.2	0.989261
558.4	0.98929
558.6	0.989318
558.8	0.989346
559	0.989375
559.2	0.989403
559.4	0.989431
559.6	0.989459
559.8	0.989486
560	0.989514
560.2	0.989542
560.4	0.98957
560.6	0.989597
560.8	0.989625
561	0.989652
561.2	0.98968
561.4	0.989707
561.6	0.989734
561.8	0.989761
562	0.989788
562.2	0.989815
562.4	0.989842
562.6	0.989869
562.8	0.989896
563	0.989923
563.2	0.989949
563.4	0.989976
563.6	0.990002
563.8	0.990029
564	0.990055
564.2	0.990082
564.4	0.990108
564.6	0.990134
564.8	0.99016
565	0.990186
565.2	0.990212
565.4	0.990238
565.6	0.990264
565.8	0.99029
566	0.990315
566.2	0.990341
566.4	0.990366
566.6	0.990392
566.8	0.990417
567	0.990443
567.2	0.990468
567.4	0.990493
567.6	0.990518
567.8	0.990543
568	0.990568
568.2	0.990593
568.4	0.990618
568.6	0.990643
568.8	0.990668
569	0.990693
569.2	0.990717
569.4	0.990742
569.6	0.990766
569.8	0.990791
570	0.990815
570.2	0.99084
570.4	0.990864
570.6	0.990888
570.8	0.990912
571	0.990936
571.2	0.99096
571.4	0.990984
571.6	0.991008
571.8	0.991032
572	0.991056
572.2	0.991079
572.4	0.991103
572.6	0.991126
572.8	0.99115
573	0.991173
573.2	0.991197
573.4	0.99122
573.6	0.991243
573.8	0.991266
574	0.99129
574.2	0.991313
574.4	0.991336
574.6	0.991359
574.8	0.991382
575	0.991404
575.2	0.991427
575.4	0.99145
575.6	0.991473
575.8	0.991495
576	0.991518
576.2	0.99154
576.4	0.991563
576.6	0.991585
576.8	0.991607
577	0.991629
577.2	0.991652
577.4	0.991674
577.6	0.991696
577.8	0.991718
578	0.99174
578.2	0.991762
578.4	0.991783
578.6	0.991805
578.8	0.991827
579	0.991849
579.2	0.99187
579.4	0.991892
579.6	0.991913
579.8	0.991935
580	0.991956
580.2	0.991977
580.4	0.991999
580.6	0.99202
580.8	0.992041
581	0.992062
581.2	0.992083
581.4	0.992104
581.6	0.992125
581.8	0.992146
582	0.992167
582.2	0.992188
582.4	0.992208
582.6	0.992229
582.8	0.992249
583	0.99227
583.2	0.992291
583.4	0.992311
583.6	0.992331
583.8	0.992352
584	0.992372
584.2	0.992392
584.4	0.992412
584.6	0.992433
584.8	0.992453
585	0.992473
585.2	0.992493
585.4	0.992512
585.6	0.992532
585.8	0.992552
586	0.992572
586.2	0.992592
586.4	0.992611
586.6	0.992631
586.8	0.99265
587	0.99267
587.2	0.992689
587.4	0.992709
587.6	0.992728
587.8	0.992747
588	0.992767
588.2	0.992786
588.4	0.992805
588.6	0.992824
588.8	0.992843
589	0.992862
589.2	0.992881
589.4	0.9929
589.6	0.992919
589.8	0.992937
590	0.992956
590.2	0.992975
590.4	0.992994
590.6	0.993012
590.8	0.993031
591	0.993049
591.2	0.993068
591.4	0.993086
591.6	0.993104
591.8	0.993123
592	0.993141
592.2	0.993159
592.4	0.993177
592.6	0.993195
592.8	0.993213
593	0.993231
593.2	0.993249
593.4	0.993267
593.6	0.993285
593.8	0.993303
594	0.993321
594.2	0.993338
594.4	0.993356
594.6	0.993374
594.8	0.993391
595	0.993409
595.2	0.993426
595.4	0.993444
595.6	0.993461
595.8	0.993479
596	0.993496
596.2	0.993513
596.4	0.99353
596.6	0.993548
596.8	0.993565
597	0.993582
597.2	0.993599
597.4	0.993616
597.6	0.993633
597.8	0.99365
598	0.993667
598.2	0.993683
598.4	0.9937
598.6	0.993717
598.8	0.993734
599	0.99375
599.2	0.993767
599.4	0.993783
599.6	0.9938
599.8	0.993816
600	0.993833
600.2	0.993849
600.4	0.993865
600.6	0.993882
600.8	0.993898
601	0.993914
601.2	0.99393
601.4	0.993946
601.6	0.993963
601.8	0.993979
602	0.993995
602.2	0.994011
602.4	0.994026
602.6	0.994042
602.8	0.994058
603	0.994074
603.2	0.99409
603.4	0.994105
603.6	0.994121
603.8	0.994137
604	0.994152
604.2	0.994168
604.4	0.994183
604.6	0.994199
604.8	0.994214
605	0.994229
605.2	0.994245
605.4	0.99426
605.6	0.994275
605.8	0.994291
606	0.994306
606.2	0.994321
606.4	0.994336
606.6	0.994351
606.8	0.994366
607	0.994381
607.2	0.994396
607.4	0.994411
607.6	0.994426
607.8	0.99444
608	0.994455
608.2	0.99447
608.4	0.994485
608.6	0.994499
608.8	0.994514
609	0.994529
609.2	0.994543
609.4	0.994558
609.6	0.994572
609.8	0.994586
610	0.994601
610.2	0.994615
610.4	0.994629
610.6	0.994644
610.8	0.994658
611	0.994672
611.2	0.994686
611.4	0.9947
611.6	0.994715
611.8	0.994729
612	0.994743
612.2	0.994757
612.4	0.994771
612.6	0.994784
612.8	0.994798
613	0.994812
613.2	0.994826
613.4	0.99484
613.6	0.994853
613.8	0.994867
614	0.994881
614.2	0.994894
614.4	0.994908
614.6	0.994921
614.8	0.994935
615	0.994948
615.2	0.994962
615.4	0.994975
615.6	0.994989
615.8	0.995002
616	0.995015
616.2	0.995028
616.4	0.995042
616.6	0.995055
616.8	0.995068
617	0.995081
617.2	0.995094
617.4	0.995107
617.6	0.99512
617.8	0.995133
618	0.995146
618.2	0.995159
618.4	0.995172
618.6	0.995185
618.8	0.995198
619	0.99521
619.2	0.995223
619.4	0.995236
619.6	0.995248
619.8	0.995261
620	0.995274
620.2	0.995286
620.4	0.995299
620.6	0.995311
620.8	0.995324
621	0.995336
621.2	0.995349
621.4	0.995361
621.6	0.995373
621.8	0.995386
622	0.995398
622.2	0.99541
622.4	0.995422
622.6	0.995435
622.8	0.995447
623	0.995459
623.2	0.995471
623.4	0.995483
623.6	0.995495
623.8	0.995507
624	0.995519
624.2	0.995531
624.4	0.995543
624.6	0.995555
624.8	0.995566
625	0.995578
625.2	0.99559
625.4	0.995602
625.6	0.995613
625.8	0.995625
626	0.995637
626.2	0.995648
626.4	0.99566
626.6	0.995671
626.8	0.995683
627	0.995694
627.2	0.995706
627.4	0.995717
627.6	0.995729
627.8	0.99574
628	0.995751
628.2	0.995763
628.4	0.995774
628.6	0.995785
628.8	0.995796
629	0.995808
629.2	0.995819
629.4	0.99583
629.6	0.995841
629.8	0.995852
630	0.995863
630.2	0.995874
630.4	0.995885
630.6	0.995896
630.8	0.995907
631	0.995918
631.2	0.995929
631.4	0.99594
631.6	0.99595
631.8	0.995961
632	0.995972
632.2	0.995983
632.4	0.995993
632.6	0.996004
632.8	0.996015
633	0.996025
633.2	0.996036
633.4	0.996046
633.6	0.996057
633.8	0.996067
634	0.996078
634.2	0.996088
634.4	0.996099
634.6	0.996109
634.8	0.996119
635	0.99613
635.2	0.99614
635.4	0.99615
635.6	0.996161
635.8	0.996171
636	0.996181
636.2	0.996191
636.4	0.996201
636.6	0.996211
636.8	0.996221
637	0.996231
637.2	0.996242
637.4	0.996252
637.6	0.996262
637.8	0.996271
638	0.996281
638.2	0.996291
638.4	0.996301
638.6	0.996311
638.8	0.996321
639	0.996331
639.2	0.99634
639.4	0.99635
639.6	0.99636
639.8	0.99637
640	0.996379
640.2	0.996389
640.4	0.996398
640.6	0.996408
640.8	0.996418
641	0.996427
641.2	0.996437
641.4	0.996446
641.6	0.996456
641.8	0.996465
642	0.996474
642.2	0.996484
642.4	0.996493
642.6	0.996503
642.8	0.996512
643	0.996521
643.2	0.99653
643.4	0.99654
643.6	0.996549
643.8	0.996558
644	0.996567
644.2	0.996576
644.4	0.996585
644.6	0.996595
644.8	0.996604
645	0.996613
645.2	0.996622
645.4	0.996631
645.6	0.99664
645.8	0.996649
646	0.996658
646.2	0.996666
646.4	0.996675
646.6	0.996684
646.8	0.996693
647	0.996702
647.2	0.996711
647.4	0.996719
647.6	0.996728
647.8	0.996737
648	0.996746
648.2	0.996754
648.4	0.996763
648.6	0.996771
648.8	0.99678
649	0.996789
649.2	0.996797
649.4	0.996806
649.6	0.996814
649.8	0.996823
650	0.996831
650.2	0.99684
650.4	0.996848
650.6	0.996856
650.8	0.996865
651	0.996873
651.2	0.996881
651.4	0.99689
651.6	0.996898
651.8	0.996906
652	0.996915
652.2	0.996923
652.4	0.996931
652.6	0.996939
652.8	0.996947
653	0.996955
653.2	0.996964
653.4	0.996972
653.6	0.99698
653.8	0.996988
654	0.996996
654.2	0.997004
654.4	0.997012
654.6	0.99702
654.8	0.997028
655	0.997036
655.2	0.997043
655.4	0.997051
655.6	0.997059
655.8	0.997067
656	0.997075
656.2	0.997083
656.4	0.99709
656.6	0.997098
656.8	0.997106
657	0.997114
657.2	0.997121
657.4	0.997129
657.6	0.997137
657.8	0.997144
658	0.997152
658.2	0.997159
658.4	0.997167
658.6	0.997175
658.8	0.997182
659	0.99719
659.2	0.997197
659.4	0.997205
659.6	0.997212
659.8	0.997219
660	0.997227
660.2	0.997234
660.4	0.997242
660.6	0.997249
660.8	0.997256
661	0.997264
661.2	0.997271
661.4	0.997278
661.6	0.997285
661.8	0.997293
662	0.9973
662.2	0.997307
662.4	0.997314
662.6	0.997321
662.8	0.997329
663	0.997336
663.2	0.997343
663.4	0.99735
663.6	0.997357
663.8	0.997364
664	0.997371
664.2	0.997378
664.4	0.997385
664.6	0.997392
664.8	0.997399
665	0.997406
665.2	0.997413
665.4	0.99742
665.6	0.997426
665.8	0.997433
666	0.99744
666.2	0.997447
666.4	0.997454
666.6	0.997461
666.8	0.997467
667	0.997474
667.2	0.997481
667.4	0.997488
667.6	0.997494
667.8	0.997501
668	0.997508
668.2	0.997514
668.4	0.997521
668.6	0.997527
668.8	0.997534
669	0.997541
669.2	0.997547
669.4	0.997554
669.6	0.99756
669.8	0.997567
670	0.997573
670.2	0.99758
670.4	0.997586
670.6	0.997593
670.8	0.997599
671	0.997605
671.2	0.997612
671.4	0.997618
671.6	0.997625
671.8	0.997631
672	0.997637
672.2	0.997643
672.4	0.99765
672.6	0.997656
672.8	0.997662
673	0.997668
673.2	0.997675
673.4	0.997681
673.6	0.997687
673.8	0.997693
674	0.997699
674.2	0.997706
674.4	0.997712
674.6	0.997718
674.8	0.997724
675	0.99773
675.2	0.997736
675.4	0.997742
675.6	0.997748
675.8	0.997754
676	0.99776
676.2	0.997766
676.4	0.997772
676.6	0.997778
676.8	0.997784
677	0.99779
677.2	0.997796
677.4	0.997801
677.6	0.997807
677.8	0.997813
678	0.997819
678.2	0.997825
678.4	0.997831
678.6	0.997836
678.8	0.997842
679	0.997848
679.2	0.997854
679.4	0.997859
679.6	0.997865
679.8	0.997871
680	0.997876
680.2	0.997882
680.4	0.997888
680.6	0.997893
680.8	0.997899
681	0.997905
681.2	0.99791
681.4	0.997916
681.6	0.997921
681.8	0.997927
682	0.997932
682.2	0.997938
682.4	0.997943
682.6	0.997949
682.8	0.997954
683	0.99796
683.2	0.997965
683.4	0.997971
683.6	0.997976
683.8	0.997982
684	0.997987
684.2	0.997992
684.4	0.997998
684.6	0.998003
684.8	0.998008
685	0.998014
685.2	0.998019
685.4	0.998024
685.6	0.998029
685.8	0.998035
686	0.99804
686.2	0.998045
686.4	0.99805
686.6	0.998056
686.8	0.998061
687	0.998066
687.2	0.998071
687.4	0.998076
687.6	0.998081
687.8	0.998086
688	0.998092
688.2	0.998097
688.4	0.998102
688.6	0.998107
688.8	0.998112
689	0.998117
689.2	0.998122
689.4	0.998127
689.6	0.998132
689.8	0.998137
690	0.998142
690.2	0.998147
690.4	0.998152
690.6	0.998157
690.8	0.998162
691	0.998167
691.2	0.998171
691.4	0.998176
691.6	0.998181
691.8	0.998186
692	0.998191
692.2	0.998196
692.4	0.9982
692.6	0.998205
692.8	0.99821
693	0.998215
693.2	0.99822
693.4	0.998224
693.6	0.998229
693.8	0.998234
694	0.998239
694.2	0.998243
694.4	0.998248
694.6	0.998253
694.8	0.998257
695	0.998262
695.2	0.998267
695.4	0.998271
695.6	0.998276
695.8	0.99828
696	0.998285
696.2	0.99829
696.4	0.998294
696.6	0.998299
696.8	0.998303
697	0.998308
697.2	0.998312
697.4	0.998317
697.6	0.998321
697.8	0.998326
698	0.99833
698.2	0.998335
698.4	0.998339
698.6	0.998343
698.8	0.998348
699	0.998352
699.2	0.998357
699.4	0.998361
699.6	0.998365
699.8	0.99837
700	0.998374
700.2	0.998379
700.4	0.998383
700.6	0.998387
700.8	0.998391
701	0.998396
701.2	0.9984
701.4	0.998404
701.6	0.998409
701.8	0.998413
702	0.998417
702.2	0.998421
702.4	0.998425
702.6	0.99843
702.8	0.998434
703	0.998438
703.2	0.998442
703.4	0.998446
703.6	0.99845
703.8	0.998455
704	0.998459
704.2	0.998463
704.4	0.998467
704.6	0.998471
704.8	0.998475
705	0.998479
705.2	0.998483
705.4	0.998487
705.6	0.998491
705.8	0.998495
706	0.998499
706.2	0.998503
706.4	0.998507
706.6	0.998511
706.8	0.998515
707	0.998519
707.2	0.998523
707.4	0.998527
707.6	0.998531
707.8	0.998535
708	0.998539
708.2	0.998543
708.4	0.998547
708.6	0.998551
708.8	0.998554
709	0.998558
709.2	0.998562
709.4	0.998566
709.6	0.99857
709.8	0.998574
710	0.998577
710.2	0.998581
710.4	0.998585
710.6	0.998589
710.8	0.998593
711	0.998596
711.2	0.9986
711.4	0.998604
711.6	0.998608
711.8	0.998611
712	0.998615
712.2	0.998619
712.4	0.998622
712.6	0.998626
712.8	0.99863
713	0.998633
713.2	0.998637
713.4	0.998641
713.6	0.998644
713.8	0.998648
714	0.998651
714.2	0.998655
714.4	0.998659
714.6	0.998662
714.8	0.998666
715	0.998669
715.2	0.998673
715.4	0.998676
715.6	0.99868
715.8	0.998684
716	0.998687
716.2	0.998691
716.4	0.998694
716.6	0.998698
716.8	0.998701
717	0.998704
717.2	0.998708
717.4	0.998711
717.6	0.998715
717.8	0.998718
718	0.998722
718.2	0.998725
718.4	0.998728
718.6	0.998732
718.8	0.998735
719	0.998739
719.2	0.998742
719.4	0.998745
719.6	0.998749
719.8	0.998752
720	0.998755
720.2	0.998759
720.4	0.998762
720.6	0.998765
720.8	0.998769
721	0.998772
721.2	0.998775
721.4	0.998778
721.6	0.998782
721.8	0.998785
722	0.998788
722.2	0.998791
722.4	0.998795
722.6	0.998798
722.8	0.998801
723	0.998804
723.2	0.998807
723.4	0.998811
723.6	0.998814
723.8	0.998817
724	0.99882
724.2	0.998823
724.4	0.998826
724.6	0.99883
724.8	0.998833
725	0.998836
725.2	0.998839
725.4	0.998842
725.6	0.998845
725.8	0.998848
726	0.998851
726.2	0.998854
726.4	0.998857
726.6	0.99886
726.8	0.998863
727	0.998867
727.2	0.99887
727.4	0.998873
727.6	0.998876
727.8	0.998879
728	0.998882
728.2	0.998885
728.4	0.998888
728.6	0.99889
728.8	0.998893
729	0.998896
729.2	0.998899
729.4	0.998902
729.6	0.998905
729.8	0.998908
730	0.998911
730.2	0.998914
730.4	0.998917
730.6	0.99892
730.8	0.998923
731	0.998926
731.2	0.998928
731.4	0.998931
731.6	0.998934
731.8	0.998937
732	0.99894
732.2	0.998943
732.4	0.998945
732.6	0.998948
732.8	0.998951
733	0.998954
733.2	0.998957
733.4	0.998959
733.6	0.998962
733.8	0.998965
734	0.998968
734.2	0.99897
734.4	0.998973
734.6	0.998976
734.8	0.998979
735	0.998981
735.2	0.998984
735.4	0.998987
735.6	0.99899
735.8	0.998992
736	0.998995
736.2	0.998998
736.4	0.999
736.6	0.999003
736.8	0.999006
737	0.999008
737.2	0.999011
737.4	0.999014
737.6	0.999016
737.8	0.999019
738	0.999021
738.2	0.999024
738.4	0.999027
738.6	0.999029
738.8	0.999032
739	0.999034
739.2	0.999037
739.4	0.99904
739.6	0.999042
739.8	0.999045
740	0.999047
740.2	0.99905
740.4	0.999052
740.6	0.999055
740.8	0.999057
741	0.99906
741.2	0.999062
741.4	0.999065
741.6	0.999067
741.8	0.99907
742	0.999072
742.2	0.999075
742.4	0.999077
742.6	0.99908
742.8	0.999082
743	0.999085
743.2	0.999087
743.4	0.99909
743.6	0.999092
743.8	0.999094
744	0.999097
744.2	0.999099
744.4	0.999102
744.6	0.999104
744.8	0.999106
745	0.999109
745.2	0.999111
745.4	0.999114
745.6	0.999116
745.8	0.999118
746	0.999121
746.2	0.999123
746.4	0.999125
746.6	0.999128
746.8	0.99913
747	0.999132
747.2	0.999135
747.4	0.999137
747.6	0.999139
747.8	0.999142
748	0.999144
748.2	0.999146
748.4	0.999148
748.6	0.999151
748.8	0.999153
749	0.999155
749.2	0.999158
749.4	0.99916
749.6	0.999162
749.8	0.999164
750	0.999166
750.2	0.999169
750.4	0.999171
750.6	0.999173
750.8	0.999175
751	0.999178
751.2	0.99918
751.4	0.999182
751.6	0.999184
751.8	0.999186
752	0.999188
752.2	0.999191
752.4	0.999193
752.6	0.999195
752.8	0.999197
753	0.999199
753.2	0.999201
753.4	0.999204
753.6	0.999206
753.8	0.999208
754	0.99921
754.2	0.999212
754.4	0.999214
754.6	0.999216
754.8	0.999218
755	0.99922
755.2	0.999222
755.4	0.999225
755.6	0.999227
755.8	0.999229
756	0.999231
756.2	0.999233
756.4	0.999235
756.6	0.999237
756.8	0.999239
757	0.999241
757.2	0.999243
757.4	0.999245
757.6	0.999247
757.8	0.999249
758	0.999251
758.2	0.999253
758.4	0.999255
758.6	0.999257
758.8	0.999259
759	0.999261
759.2	0.999263
759.4	0.999265
759.6	0.999267
759.8	0.999269
760	0.999271
760.2	0.999273
760.4	0.999275
760.6	0.999277
760.8	0.999279
761	0.99928
761.2	0.999282
761.4	0.999284
761.6	0.999286
761.8	0.999288
762	0.99929
762.2	0.999292
762.4	0.999294
762.6	0.999296
762.8	0.999298
763	0.999299
763.2	0.999301
763.4	0.999303
763.6	0.999305
763.8	0.999307
764	0.999309
764.2	0.999311
764.4	0.999312
764.6	0.999314
764.8	0.999316
765	0.999318
765.2	0.99932
765.4	0.999322
765.6	0.999323
765.8	0.999325
766	0.999327
766.2	0.999329
766.4	0.999331
766.6	0.999332
766.8	0.999334
767	0.999336
767.2	0.999338
767.4	0.999339
767.6	0.999341
767.8	0.999343
768	0.999345
768.2	0.999346
768.4	0.999348
768.6	0.99935
768.8	0.999352
769	0.999353
769.2	0.999355
769.4	0.999357
769.6	0.999359
769.8	0.99936
770	0.999362
770.2	0.999364
770.4	0.999365
770.6	0.999367
770.8	0.999369
771	0.99937
771.2	0.999372
771.4	0.999374
771.6	0.999376
771.8	0.999377
772	0.999379
772.2	0.999381
772.4	0.999382
772.6	0.999384
772.8	0.999385
773	0.999387
773.2	0.999389
773.4	0.99939
773.6	0.999392
773.8	0.999394
774	0.999395
774.2	0.999397
774.4	0.999398
774.6	0.9994
774.8	0.999402
775	0.999403
775.2	0.999405
775.4	0.999406
775.6	0.999408
775.8	0.99941
776	0.999411
776.2	0.999413
776.4	0.999414
776.6	0.999416
776.8	0.999417
777	0.999419
777.2	0.999421
777.4	0.999422
777.6	0.999424
777.8	0.999425
778	0.999427
778.2	0.999428
778.4	0.99943
778.6	0.999431
778.8	0.999433
779	0.999434
779.2	0.999436
779.4	0.999437
779.6	0.999439
779.8	0.99944
780	0.999442
780.2	0.999443
780.4	0.999445
780.6	0.999446
780.8	0.999448
781	0.999449
781.2	0.999451
781.4	0.999452
781.6	0.999454
781.8	0.999455
782	0.999457
782.2	0.999458
782.4	0.999459
782.6	0.999461
782.8	0.999462
783	0.999464
783.2	0.999465
783.4	0.999467
783.6	0.999468
783.8	0.99947
784	0.999471
784.2	0.999472
784.4	0.999474
784.6	0.999475
784.8	0.999477
785	0.999478
785.2	0.999479
785.4	0.999481
785.6	0.999482
785.8	0.999484
786	0.999485
786.2	0.999486
786.4	0.999488
786.6	0.999489
786.8	0.99949
787	0.999492
787.2	0.999493
787.4	0.999494
787.6	0.999496
787.8	0.999497
788	0.999498
788.2	0.9995
788.4	0.999501
788.6	0.999502
788.8	0.999504
789	0.999505
789.2	0.999506
789.4	0.999508
789.6	0.999509
789.8	0.99951
790	0.999512
790.2	0.999513
790.4	0.999514
790.6	0.999516
790.8	0.999517
791	0.999518
791.2	0.999519
791.4	0.999521
791.6	0.999522
791.8	0.999523
792	0.999525
792.2	0.999526
792.4	0.999527
792.6	0.999528
792.8	0.99953
793	0.999531
793.2	0.999532
793.4	0.999533
793.6	0.999535
793.8	0.999536
794	0.999537
794.2	0.999538
794.4	0.99954
794.6	0.999541
794.8	0.999542
795	0.999543
795.2	0.999545
795.4	0.999546
795.6	0.999547
795.8	0.999548
796	0.999549
796.2	0.999551
796.4	0.999552
796.6	0.999553
796.8	0.999554
797	0.999555
797.2	0.999557
797.4	0.999558
797.6	0.999559
797.8	0.99956
798	0.999561
798.2	0.999562
798.4	0.999564
798.6	0.999565
798.8	0.999566
799	0.999567
799.2	0.999568
799.4	0.999569
799.6	0.999571
799.8	0.999572
800	0.999573
800.2	0.999574
800.4	0.999575
800.6	0.999576
800.8	0.999577
801	0.999579
801.2	0.99958
801.4	0.999581
801.6	0.999582
801.8	0.999583
802	0.999584
802.2	0.999585
802.4	0.999586
802.6	0.999587
802.8	0.999589
803	0.99959
803.2	0.999591
803.4	0.999592
803.6	0.999593
803.8	0.999594
804	0.999595
804.2	0.999596
804.4	0.999597
804.6	0.999598
804.8	0.999599
805	0.9996
805.2	0.999602
805.4	0.999603
805.6	0.999604
805.8	0.999605
806	0.999606
806.2	0.999607
806.4	0.999608
806.6	0.999609
806.8	0.99961
807	0.999611
807.2	0.999612
807.4	0.999613
807.6	0.999614
807.8	0.999615
808	0.999616
808.2	0.999617
808.4	0.999618
808.6	0.999619
808.8	0.99962
809	0.999621
809.2	0.999622
809.4	0.999623
809.6	0.999624
809.8	0.999625
810	0.999626
810.2	0.999627
810.4	0.999628
810.6	0.999629
810.8	0.99963
811	0.999631
811.2	0.999632
811.4	0.999633
811.6	0.999634
811.8	0.999635
812	0.999636
812.2	0.999637
812.4	0.999638
812.6	0.999639
812.8	0.99964
813	0.999641
813.2	0.999642
813.4	0.999643
813.6	0.999644
813.8	0.999645
814	0.999646
814.2	0.999647
814.4	0.999648
814.6	0.999649
814.8	0.99965
815	0.99965
815.2	0.999651
815.4	0.999652
815.6	0.999653
815.8	0.999654
816	0.999655
816.2	0.999656
816.4	0.999657
816.6	0.999658
816.8	0.999659
817	0.99966
817.2	0.999661
817.4	0.999662
817.6	0.999662
817.8	0.999663
818	0.999664
818.2	0.999665
818.4	0.999666
818.6	0.999667
818.8	0.999668
819	0.999669
819.2	0.99967
819.4	0.99967
819.6	0.999671
819.8	0.999672
820	0.999673
820.2	0.999674
820.4	0.999675
820.6	0.999676
820.8	0.999677
821	0.999677
821.2	0.999678
821.4	0.999679
821.6	0.99968
821.8	0.999681
822	0.999682
822.2	0.999683
822.4	0.999683
822.6	0.999684
822.8	0.999685
823	0.999686
823.2	0.999687
823.4	0.999688
823.6	0.999688
823.8	0.999689
824	0.99969
824.2	0.999691
824.4	0.999692
824.6	0.999693
824.8	0.999693
825	0.999694
825.2	0.999695
825.4	0.999696
825.6	0.999697
825.8	0.999697
826	0.999698
826.2	0.999699
826.4	0.9997
826.6	0.999701
826.8	0.999701
827	0.999702
827.2	0.999703
827.4	0.999704
827.6	0.999705
827.8	0.999705
828	0.999706
828.2	0.999707
828.4	0.999708
828.6	0.999709
828.8	0.999709
829	0.99971
829.2	0.999711
829.4	0.999712
829.6	0.999712
829.8	0.999713
830	0.999714
830.2	0.999715
830.4	0.999716
830.6	0.999716
830.8	0.999717
831	0.999718
831.2	0.999719
831.4	0.999719
831.6	0.99972
831.8	0.999721
832	0.999722
832.2	0.999722
832.4	0.999723
832.6	0.999724
832.8	0.999725
833	0.999725
833.2	0.999726
833.4	0.999727
833.6	0.999727
833.8	0.999728
834	0.999729
834.2	0.99973
834.4	0.99973
834.6	0.999731
834.8	0.999732
835	0.999733
835.2	0.999733
835.4	0.999734
835.6	0.999735
835.8	0.999735
836	0.999736
836.2	0.999737
836.4	0.999737
836.6	0.999738
836.8	0.999739
837	0.99974
837.2	0.99974
837.4	0.999741
837.6	0.999742
837.8	0.999742
838	0.999743
838.2	0.999744
838.4	0.999744
838.6	0.999745
838.8	0.999746
839	0.999746
839.2	0.999747
839.4	0.999748
839.6	0.999748
839.8	0.999749
840	0.99975
840.2	0.99975
840.4	0.999751
840.6	0.999752
840.8	0.999752
841	0.999753
841.2	0.999754
841.4	0.999754
841.6	0.999755
841.8	0.999756
842	0.999756
842.2	0.999757
842.4	0.999758
842.6	0.999758
842.8	0.999759
843	0.99976
843.2	0.99976
843.4	0.999761
843.6	0.999762
843.8	0.999762
844	0.999763
844.2	0.999763
844.4	0.999764
844.6	0.999765
844.8	0.999765
845	0.999766
845.2	0.999767
845.4	0.999767
845.6	0.999768
845.8	0.999768
846	0.999769
846.2	0.99977
846.4	0.99977
846.6	0.999771
846.8	0.999772
847	0.999772
847.2	0.999773
847.4	0.999773
847.6	0.999774
847.8	0.999775
848	0.999775
848.2	0.999776
848.4	0.999776
848.6	0.999777
848.8	0.999778
849	0.999778
849.2	0.999779
849.4	0.999779
849.6	0.99978
849.8	0.999781
850	0.999781
850.2	0.999782
850.4	0.999782
850.6	0.999783
850.8	0.999783
851	0.999784
851.2	0.999785
851.4	0.999785
851.6	0.999786
851.8	0.999786
852	0.999787
852.2	0.999787
852.4	0.999788
852.6	0.999789
852.8	0.999789
853	0.99979
853.2	0.99979
853.4	0.999791
853.6	0.999791
853.8	0.999792
854	0.999793
854.2	0.999793
854.4	0.999794
854.6	0.999794
854.8	0.999795
855	0.999795
855.2	0.999796
855.4	0.999796
855.6	0.999797
855.8	0.999797
856	0.999798
856.2	0.999799
856.4	0.999799
856.6	0.9998
856.8	0.9998
857	0.999801
857.2	0.999801
857.4	0.999802
857.6	0.999802
857.8	0.999803
858	0.999803
858.2	0.999804
858.4	0.999804
858.6	0.999805
858.8	0.999805
859	0.999806
859.2	0.999806
859.4	0.999807
859.6	0.999808
859.8	0.999808
860	0.999809
860.2	0.999809
860.4	0.99981
860.6	0.99981
860.8	0.999811
861	0.999811
861.2	0.999812
861.4	0.999812
861.6	0.999813
861.8	0.999813
862	0.999814
862.2	0.999814
862.4	0.999815
862.6	0.999815
862.8	0.999816
863	0.999816
863.2	0.999817
863.4	0.999817
863.6	0.999818
863.8	0.999818
864	0.999819
864.2	0.999819
864.4	0.999819
864.6	0.99982
864.8	0.99982
865	0.999821
865.2	0.999821
865.4	0.999822
865.6	0.999822
865.8	0.999823
866	0.999823
866.2	0.999824
866.4	0.999824
866.6	0.999825
866.8	0.999825
867	0.999826
867.2	0.999826
867.4	0.999827
867.6	0.999827
867.8	0.999827
868	0.999828
868.2	0.999828
868.4	0.999829
868.6	0.999829
868.8	0.99983
869	0.99983
869.2	0.999831
869.4	0.999831
869.6	0.999832
869.8	0.999832
870	0.999832
870.2	0.999833
870.4	0.999833
870.6	0.999834
870.8	0.999834
871	0.999835
871.2	0.999835
871.4	0.999836
871.6	0.999836
871.8	0.999836
872	0.999837
872.2	0.999837
872.4	0.999838
872.6	0.999838
872.8	0.999839
873	0.999839
873.2	0.99984
873.4	0.99984
873.6	0.99984
873.8	0.999841
874	0.999841
874.2	0.999842
874.4	0.999842
874.6	0.999842
874.8	0.999843
875	0.999843
875.2	0.999844
875.4	0.999844
875.6	0.999845
875.8	0.999845
876	0.999845
876.2	0.999846
876.4	0.999846
876.6	0.999847
876.8	0.999847
877	0.999847
877.2	0.999848
877.4	0.999848
877.6	0.999849
877.8	0.999849
878	0.999849
878.2	0.99985
878.4	0.99985
878.6	0.999851
878.8	0.999851
879	0.999851
879.2	0.999852
879.4	0.999852
879.6	0.999853
879.8	0.999853
880	0.999853
880.2	0.999854
880.4	0.999854
880.6	0.999855
880.8	0.999855
881	0.999855
881.2	0.999856
881.4	0.999856
881.6	0.999857
881.8	0.999857
882	0.999857
882.2	0.999858
882.4	0.999858
882.6	0.999858
882.8	0.999859
883	0.999859
883.2	0.99986
883.4	0.99986
883.6	0.99986
883.8	0.999861
884	0.999861
884.2	0.999861
884.4	0.999862
884.6	0.999862
884.8	0.999863
885	0.999863
885.2	0.999863
885.4	0.999864
885.6	0.999864
885.8	0.999864
886	0.999865
886.2	0.999865
886.4	0.999865
886.6	0.999866
886.8	0.999866
887	0.999867
887.2	0.999867
887.4	0.999867
887.6	0.999868
887.8	0.999868
888	0.999868
888.2	0.999869
888.4	0.999869
888.6	0.999869
888.8	0.99987
889	0.99987
889.2	0.99987
889.4	0.999871
889.6	0.999871
889.8	0.999871
890	0.999872
890.2	0.999872
890.4	0.999873
890.6	0.999873
890.8	0.999873
891	0.999874
891.2	0.999874
891.4	0.999874
891.6	0.999875
891.8	0.999875
892	0.999875
892.2	0.999876
892.4	0.999876
892.6	0.999876
892.8	0.999877
893	0.999877
893.2	0.999877
893.4	0.999878
893.6	0.999878
893.8	0.999878
894	0.999878
894.2	0.999879
894.4	0.999879
894.6	0.999879
894.8	0.99988
895	0.99988
895.2	0.99988
895.4	0.999881
895.6	0.999881
895.8	0.999881
896	0.999882
896.2	0.999882
896.4	0.999882
896.6	0.999883
896.8	0.999883
897	0.999883
897.2	0.999884
897.4	0.999884
897.6	0.999884
897.8	0.999885
898	0.999885
898.2	0.999885
898.4	0.999885
898.6	0.999886
898.8	0.999886
899	0.999886
899.2	0.999887
899.4	0.999887
899.6	0.999887
899.8	0.999888
900	0.999888
900.2	0.999888
900.4	0.999888
900.6	0.999889
900.8	0.999889
901	0.999889
901.2	0.99989
901.4	0.99989
901.6	0.99989
901.8	0.999891
902	0.999891
902.2	0.999891
902.4	0.999891
902.6	0.999892
902.8	0.999892
903	0.999892
903.2	0.999893
903.4	0.999893
903.6	0.999893
903.8	0.999893
904	0.999894
904.2	0.999894
904.4	0.999894
904.6	0.999895
904.8	0.999895
905	0.999895
905.2	0.999895
905.4	0.999896
905.6	0.999896
905.8	0.999896
906	0.999897
906.2	0.999897
906.4	0.999897
906.6	0.999897
906.8	0.999898
907	0.999898
907.2	0.999898
907.4	0.999898
907.6	0.999899
907.8	0.999899
908	0.999899
908.2	0.9999
908.4	0.9999
908.6	0.9999
908.8	0.9999
909	0.999901
909.2	0.999901
909.4	0.999901
909.6	0.999901
909.8	0.999902
910	0.999902
910.2	0.999902
910.4	0.999902
910.6	0.999903
910.8	0.999903
911	0.999903
911.2	0.999903
911.4	0.999904
911.6	0.999904
911.8	0.999904
912	0.999904
912.2	0.999905
912.4	0.999905
912.6	0.999905
912.8	0.999906
913	0.999906
913.2	0.999906
913.4	0.999906
913.6	0.999907
913.8	0.999907
914	0.999907
914.2	0.999907
914.4	0.999908
914.6	0.999908
914.8	0.999908
915	0.999908
915.2	0.999908
915.4	0.999909
915.6	0.999909
915.8	0.999909
916	0.999909
916.2	0.99991
916.4	0.99991
916.6	0.99991
916.8	0.99991
917	0.999911
917.2	0.999911
917.4	0.999911
917.6	0.999911
917.8	0.999912
918	0.999912
918.2	0.999912
918.4	0.999912
918.6	0.999913
918.8	0.999913
919	0.999913
919.2	0.999913
919.4	0.999913
919.6	0.999914
919.8	0.999914
920	0.999914
920.2	0.999914
920.4	0.999915
920.6	0.999915
920.8	0.999915
921	0.999915
921.2	0.999916
921.4	0.999916
921.6	0.999916
921.8	0.999916
922	0.999916
922.2	0.999917
922.4	0.999917
922.6	0.999917
922.8	0.999917
923	0.999918
923.2	0.999918
923.4	0.999918
923.6	0.999918
923.8	0.999918
924	0.999919
924.2	0.999919
924.4	0.999919
924.6	0.999919
924.8	0.99992
925	0.99992
925.2	0.99992
925.4	0.99992
925.6	0.99992
925.8	0.999921
926	0.999921
926.2	0.999921
926.4	0.999921
926.6	0.999921
926.8	0.999922
927	0.999922
927.2	0.999922
927.4	0.999922
927.6	0.999922
927.8	0.999923
928	0.999923
928.2	0.999923
928.4	0.999923
928.6	0.999924
928.8	0.999924
929	0.999924
929.2	0.999924
929.4	0.999924
929.6	0.999925
929.8	0.999925
930	0.999925
930.2	0.999925
930.4	0.999925
930.6	0.999926
930.8	0.999926
931	0.999926
931.2	0.999926
931.4	0.999926
931.6	0.999927
931.8	0.999927
932	0.999927
932.2	0.999927
932.4	0.999927
932.6	0.999927
932.8	0.999928
933	0.999928
933.2	0.999928
933.4	0.999928
933.6	0.999928
933.8	0.999929
934	0.999929
934.2	0.999929
934.4	0.999929
934.6	0.999929
934.8	0.99993
935	0.99993
935.2	0.99993
935.4	0.99993
935.6	0.99993
935.8	0.999931
936	0.999931
936.2	0.999931
936.4	0.999931
936.6	0.999931
936.8	0.999931
937	0.999932
937.2	0.999932
937.4	0.999932
937.6	0.999932
937.8	0.999932
938	0.999933
938.2	0.999933
938.4	0.999933
938.6	0.999933
938.8	0.999933
939	0.999933
939.2	0.999934
939.4	0.999934
939.6	0.999934
939.8	0.999934
940	0.999934
940.2	0.999935
940.4	0.999935
940.6	0.999935
940.8	0.999935
941	0.999935
941.2	0.999935
941.4	0.999936
941.6	0.999936
941.8	0.999936
942	0.999936
942.2	0.999936
942.4	0.999936
942.6	0.999937
942.8	0.999937
943	0.999937
943.2	0.999937
943.4	0.999937
943.6	0.999937
943.8	0.999938
944	0.999938
944.2	0.999938
944.4	0.999938
944.6	0.999938
944.8	0.999938
945	0.999939
945.2	0.999939
945.4	0.999939
945.6	0.999939
945.8	0.999939
946	0.999939
946.2	0.99994
946.4	0.99994
946.6	0.99994
946.8	0.99994
947	0.99994
947.2	0.99994
947.4	0.999941
947.6	0.999941
947.8	0.999941
948	0.999941
948.2	0.999941
948.4	0.999941
948.6	0.999941
948.8	0.999942
949	0.999942
949.2	0.999942
949.4	0.999942
949.6	0.999942
949.8	0.999942
950	0.999943
950.2	0.999943
950.4	0.999943
950.6	0.999943
950.8	0.999943
951	0.999943
951.2	0.999943
951.4	0.999944
951.6	0.999944
951.8	0.999944
952	0.999944
952.2	0.999944
952.4	0.999944
952.6	0.999945
952.8	0.999945
953	0.999945
953.2	0.999945
953.4	0.999945
953.6	0.999945
953.8	0.999945
954	0.999946
954.2	0.999946
954.4	0.999946
954.6	0.999946
954.8	0.999946
955	0.999946
955.2	0.999946
955.4	0.999947
955.6	0.999947
955.8	0.999947
956	0.999947
956.2	0.999947
956.4	0.999947
956.6	0.999947
956.8	0.999948
957	0.999948
957.2	0.999948
957.4	0.999948
957.6	0.999948
957.8	0.999948
958	0.999948
958.2	0.999949
958.4	0.999949
958.6	0.999949
958.8	0.999949
959	0.999949
959.2	0.999949
959.4	0.999949
959.6	0.999949
959.8	0.99995
960	0.99995
960.2	0.99995
960.4	0.99995
960.6	0.99995
960.8	0.99995
961	0.99995
961.2	0.999951
961.4	0.999951
961.6	0.999951
961.8	0.999951
962	0.999951
962.2	0.999951
962.4	0.999951
962.6	0.999951
962.8	0.999952
963	0.999952
963.2	0.999952
963.4	0.999952
963.6	0.999952
963.8	0.999952
964	0.999952
964.2	0.999952
964.4	0.999953
964.6	0.999953
964.8	0.999953
965	0.999953
965.2	0.999953
965.4	0.999953
965.6	0.999953
965.8	0.999953
966	0.999954
966.2	0.999954
966.4	0.999954
966.6	0.999954
966.8	0.999954
967	0.999954
967.2	0.999954
967.4	0.999954
967.6	0.999955
967.8	0.999955
968	0.999955
968.2	0.999955
968.4	0.999955
968.6	0.999955
968.8	0.999955
969	0.999955
969.2	0.999956
969.4	0.999956
969.6	0.999956
969.8	0.999956
970	0.999956
970.2	0.999956
970.4	0.999956
970.6	0.999956
970.8	0.999957
971	0.999957
971.2	0.999957
971.4	0.999957
971.6	0.999957
971.8	0.999957
972	0.999957
972.2	0.999957
972.4	0.999957
972.6	0.999958
972.8	0.999958
973	0.999958
973.2	0.999958
973.4	0.999958
973.6	0.999958
973.8	0.999958
974	0.999958
974.2	0.999958
974.4	0.999959
974.6	0.999959
974.8	0.999959
975	0.999959
975.2	0.999959
975.4	0.999959
975.6	0.999959
975.8	0.999959
976	0.999959
976.2	0.99996
976.4	0.99996
976.6	0.99996
976.8	0.99996
977	0.99996
977.2	0.99996
977.4	0.99996
977.6	0.99996
977.8	0.99996
978	0.999961
978.2	0.999961
978.4	0.999961
978.6	0.999961
978.8	0.999961
979	0.999961
979.2	0.999961
979.4	0.999961
979.6	0.999961
979.8	0.999961
980	0.999962
980.2	0.999962
980.4	0.999962
980.6	0.999962
980.8	0.999962
981	0.999962
981.2	0.999962
981.4	0.999962
981.6	0.999962
981.8	0.999962
982	0.999963
982.2	0.999963
982.4	0.999963
982.6	0.999963
982.8	0.999963
983	0.999963
983.2	0.999963
983.4	0.999963
983.6	0.999963
983.8	0.999963
984	0.999964
984.2	0.999964
984.4	0.999964
984.6	0.999964
984.8	0.999964
985	0.999964
985.2	0.999964
985.4	0.999964
985.6	0.999964
985.8	0.999964
986	0.999965
986.2	0.999965
986.4	0.999965
986.6	0.999965
986.8	0.999965
987	0.999965
987.2	0.999965
987.4	0.999965
987.6	0.999965
987.8	0.999965
988	0.999965
988.2	0.999966
988.4	0.999966
988.6	0.999966
988.8	0.999966
989	0.999966
989.2	0.999966
989.4	0.999966
989.6	0.999966
989.8	0.999966
990	0.999966
990.2	0.999966
990.4	0.999967
990.6	0.999967
990.8	0.999967
991	0.999967
991.2	0.999967
991.4	0.999967
991.6	0.999967
991.8	0.999967
992	0.999967
992.2	0.999967
992.4	0.999967
992.6	0.999968
992.8	0.999968
993	0.999968
993.2	0.999968
993.4	0.999968
993.6	0.999968
993.8	0.999968
994	0.999968
994.2	0.999968
994.4	0.999968
994.6	0.999968
994.8	0.999968
995	0.999969
995.2	0.999969
995.4	0.999969
995.6	0.999969
995.8	0.999969
996	0.999969
996.2	0.999969
996.4	0.999969
996.6	0.999969
996.8	0.999969
997	0.999969
997.2	0.999969
997.4	0.99997
997.6	0.99997
997.8	0.99997
998	0.99997
998.2	0.99997
998.4	0.99997
998.6	0.99997
998.8	0.99997
999	0.99997
999.2	0.99997
999.4	0.99997
999.6	0.99997
999.8	0.99997
