# x	Norm
0	2.02237e-09
0.001	2.09553e-09
0.002	2.17126e-09
0.003	2.24965e-09
0.004	2.33079e-09
0.005	2.41477e-09
0.006	2.5017e-09
0.007	2.59167e-09
0.008	2.68479e-09
0.009	2.78115e-09
0.01	2.88088e-09
0.011	2.98409e-09
0.012	3.09088e-09
0.013	3.2014e-09
0.014	3.31575e-09
0.015	3.43407e-09
0.016	3.55649e-09
0.017	3.68315e-09
0.018	3.81419e-09
0.019	3.94976e-09
0.02	4.09002e-09
0.021	4.23511e-09
0.022	4.3852e-09
0.023	4.54046e-09
0.024	4.70105e-09
0.025	4.86716e-09
0.026	5.03897e-09
0.027	5.21667e-09
0.028	5.40046e-09
0.029	5.59053e-09
0.03	5.7871e-09
0.031	5.99037e-09
0.032	6.20058e-09
0.033	6.41794e-09
0.034	6.64271e-09
0.035	6.87511e-09
0.036	7.1154e-09
0.037	7.36385e-09
0.038	7.62071e-09
0.039	7.88626e-09
0.04	8.1608e-09
0.041	8.44461e-09
0.042	8.73799e-09
0.043	9.04126e-09
0.044	9.35474e-09
0.045	9.67877e-09
0.046	1.00137e-08
0.047	1.03598e-08
0.048	1.07176e-08
0.049	1.10873e-08
0.05	1.14694e-08
0.051	1.18643e-08
0.052	1.22724e-08
0.053	1.2694e-08
0.054	1.31297e-08
0.055	1.358e-08
0.056	1.40451e-08
0.057	1.45258e-08
0.058	1.50223e-08
0.059	1.55353e-08
0.06	1.60653e-08
0.061	1.66128e-08
0.062	1.71784e-08
0.063	1.77627e-08
0.064	1.83662e-08
0.065	1.89896e-08
0.066	1.96334e-08
0.067	2.02985e-08
0.068	2.09853e-08
0.069	2.16946e-08
0.07	2.24272e-08
0.071	2.31837e-08
0.072	2.3965e-08
0.073	2.47717e-08
0.074	2.56048e-08
0.075	2.64649e-08
0.076	2.73531e-08
0.077	2.827e-08
0.078	2.92168e-08
0.079	3.01942e-08
0.08	3.12033e-08
0.081	3.22451e-08
0.082	3.33204e-08
0.083	3.44305e-08
0.084	3.55764e-08
0.085	3.67592e-08
0.086	3.79801e-08
0.087	3.92401e-08
0.088	4.05406e-08
0.089	4.18828e-08
0.09	4.3268e-08
0.091	4.46975e-08
0.092	4.61727e-08
0.093	4.76949e-08
0.094	4.92657e-08
0.095	5.08865e-08
0.096	5.25589e-08
0.097	5.42844e-08
0.098	5.60646e-08
0.099	5.79013e-08
0.1	5.97962e-08
0.101	6.1751e-08
0.102	6.37676e-08
0.103	6.58478e-08
0.104	6.79936e-08
0.105	7.0207e-08
0.106	7.249e-08
0.107	7.48447e-08
0.108	7.72733e-08
0.109	7.9778e-08
0.11	8.23612e-08
0.111	8.50251e-08
0.112	8.77723e-08
0.113	9.06052e-08
0.114	9.35264e-08
0.115	9.65385e-08
0.116	9.96443e-08
0.117	1.02847e-07
0.118	1.06148e-07
0.119	1.09552e-07
0.12	1.13061e-07
0.121	1.16679e-07
0.122	1.20409e-07
0.123	1.24253e-07
0.124	1.28216e-07
0.125	1.32301e-07
0.126	1.36512e-07
0.127	1.40852e-07
0.128	1.45324e-07
0.129	1.49934e-07
0.13	1.54685e-07
0.131	1.59582e-07
0.132	1.64627e-07
0.133	1.69827e-07
0.134	1.75185e-07
0.135	1.80705e-07
0.136	1.86394e-07
0.137	1.92255e-07
0.138	1.98294e-07
0.139	2.04516e-07
0.14	2.10926e-07
0.141	2.17529e-07
0.142	2.24332e-07
0.143	2.31339e-07
0.144	2.38558e-07
0.145	2.45993e-07
0.146	2.53652e-07
0.147	2.61541e-07
0.148	2.69666e-07
0.149	2.78034e-07
0.15	2.86652e-07
0.151	2.95527e-07
0.152	3.04667e-07
0.153	3.14079e-07
0.154	3.23771e-07
0.155	3.3375e-07
0.156	3.44026e-07
0.157	3.54607e-07
0.158	3.655e-07
0.159	3.76716e-07
0.16	3.88263e-07
0.161	4.0015e-07
0.162	4.12388e-07
0.163	4.24985e-07
0.164	4.37953e-07
0.165	4.51302e-07
0.166	4.65041e-07
0.167	4.79183e-07
0.168	4.93739e-07
0.169	5.08719e-07
0.17	5.24137e-07
0.171	5.40004e-07
0.172	5.56332e-07
0.173	5.73136e-07
0.174	5.90427e-07
0.175	6.08219e-07
0.176	6.26526e-07
0.177	6.45363e-07
0.178	6.64745e-07
0.179	6.84685e-07
0.18	7.052e-07
0.181	7.26305e-07
0.182	7.48017e-07
0.183	7.70352e-07
0.184	7.93328e-07
0.185	8.16962e-07
0.186	8.41272e-07
0.187	8.66276e-07
0.188	8.91993e-07
0.189	9.18443e-07
0.19	9.45647e-07
0.191	9.73623e-07
0.192	1.00239e-06
0.193	1.03198e-06
0.194	1.0624e-06
0.195	1.09369e-06
0.196	1.12586e-06
0.197	1.15893e-06
0.198	1.19294e-06
0.199	1.2279e-06
0.2	1.26385e-06
0.201	1.30081e-06
0.202	1.3388e-06
0.203	1.37786e-06
0.204	1.418e-06
0.205	1.45927e-06
0.206	1.50169e-06
0.207	1.54529e-06
0.208	1.59011e-06
0.209	1.63617e-06
0.21	1.68351e-06
0.211	1.73216e-06
0.212	1.78215e-06
0.213	1.83353e-06
0.214	1.88633e-06
0.215	1.94058e-06
0.216	1.99632e-06
0.217	2.0536e-06
0.218	2.11245e-06
0.219	2.17292e-06
0.22	2.23504e-06
0.221	2.29887e-06
0.222	2.36443e-06
0.223	2.43179e-06
0.224	2.50098e-06
0.225	2.57205e-06
0.226	2.64505e-06
0.227	2.72004e-06
0.228	2.79706e-06
0.229	2.87616e-06
0.23	2.95741e-06
0.231	3.04084e-06
0.232	3.12653e-06
0.233	3.21452e-06
0.234	3.30489e-06
0.235	3.39767e-06
0.236	3.49295e-06
0.237	3.59078e-06
0.238	3.69123e-06
0.239	3.79436e-06
0.24	3.90024e-06
0.241	4.00894e-06
0.242	4.12054e-06
0.243	4.2351e-06
0.244	4.3527e-06
0.245	4.47342e-06
0.246	4.59733e-06
0.247	4.72452e-06
0.248	4.85507e-06
0.249	4.98906e-06
0.25	5.12658e-06
0.251	5.26771e-06
0.252	5.41254e-06
0.253	5.56118e-06
0.254	5.71371e-06
0.255	5.87022e-06
0.256	6.03082e-06
0.257	6.19561e-06
0.258	6.3647e-06
0.259	6.53818e-06
0.26	6.71616e-06
0.261	6.89876e-06
0.262	7.08609e-06
0.263	7.27827e-06
0.264	7.47541e-06
0.265	7.67763e-06
0.266	7.88507e-06
0.267	8.09784e-06
0.268	8.31607e-06
0.269	8.53991e-06
0.27	8.76947e-06
0.271	9.00491e-06
0.272	9.24637e-06
0.273	9.49398e-06
0.274	9.7479e-06
0.275	1.00083e-05
0.276	1.02753e-05
0.277	1.05491e-05
0.278	1.08298e-05
0.279	1.11176e-05
0.28	1.14126e-05
0.281	1.17152e-05
0.282	1.20253e-05
0.283	1.23432e-05
0.284	1.26692e-05
0.285	1.30033e-05
0.286	1.33457e-05
0.287	1.36968e-05
0.288	1.40566e-05
0.289	1.44254e-05
0.29	1.48034e-05
0.291	1.51907e-05
0.292	1.55877e-05
0.293	1.59945e-05
0.294	1.64115e-05
0.295	1.68387e-05
0.296	1.72764e-05
0.297	1.7725e-05
0.298	1.81846e-05
0.299	1.86555e-05
0.3	1.9138e-05
0.301	1.96323e-05
0.302	2.01387e-05
0.303	2.06575e-05
0.304	2.1189e-05
0.305	2.17334e-05
0.306	2.2291e-05
0.307	2.28622e-05
0.308	2.34473e-05
0.309	2.40465e-05
0.31	2.46603e-05
0.311	2.52889e-05
0.312	2.59326e-05
0.313	2.65919e-05
0.314	2.7267e-05
0.315	2.79583e-05
0.316	2.86662e-05
0.317	2.93911e-05
0.318	3.01333e-05
0.319	3.08932e-05
0.32	3.16712e-05
0.321	3.24678e-05
0.322	3.32833e-05
0.323	3.41182e-05
0.324	3.49728e-05
0.325	3.58477e-05
0.326	3.67432e-05
0.327	3.76599e-05
0.328	3.85982e-05
0.329	3.95586e-05
0.33	4.05415e-05
0.331	4.15474e-05
0.332	4.2577e-05
0.333	4.36306e-05
0.334	4.47087e-05
0.335	4.58121e-05
0.336	4.69411e-05
0.337	4.80963e-05
0.338	4.92784e-05
0.339	5.04879e-05
0.34	5.17253e-05
0.341	5.29913e-05
0.342	5.42865e-05
0.343	5.56116e-05
0.344	5.69671e-05
0.345	5.83537e-05
0.346	5.97721e-05
0.347	6.1223e-05
0.348	6.27071e-05
0.349	6.4225e-05
0.35	6.57774e-05
0.351	6.73652e-05
0.352	6.89891e-05
0.353	7.06498e-05
0.354	7.2348e-05
0.355	7.40847e-05
0.356	7.58606e-05
0.357	7.76764e-05
0.358	7.95332e-05
0.359	8.14316e-05
0.36	8.33726e-05
0.361	8.53571e-05
0.362	8.73859e-05
0.363	8.94601e-05
0.364	9.15804e-05
0.365	9.3748e-05
0.366	9.59636e-05
0.367	9.82285e-05
0.368	0.000100543
0.369	0.00010291
0.37	0.000105328
0.371	0.0001078
0.372	0.000110326
0.373	0.000112907
0.374	0.000115546
0.375	0.000118242
0.376	0.000120996
0.377	0.000123811
0.378	0.000126688
0.379	0.000129627
0.38	0.00013263
0.381	0.000135698
0.382	0.000138832
0.383	0.000142034
0.384	0.000145305
0.385	0.000148647
0.386	0.00015206
0.387	0.000155547
0.388	0.000159109
0.389	0.000162746
0.39	0.000166462
0.391	0.000170257
0.392	0.000174132
0.393	0.00017809
0.394	0.000182132
0.395	0.00018626
0.396	0.000190475
0.397	0.000194779
0.398	0.000199174
0.399	0.000203661
0.4	0.000208242
0.401	0.00021292
0.402	0.000217696
0.403	0.000222571
0.404	0.000227548
0.405	0.000232629
0.406	0.000237816
0.407	0.00024311
0.408	0.000248514
0.409	0.00025403
0.41	0.00025966
0.411	0.000265406
0.412	0.00027127
0.413	0.000277255
0.414	0.000283363
0.415	0.000289595
0.416	0.000295956
0.417	0.000302446
0.418	0.000309068
0.419	0.000315825
0.42	0.000322719
0.421	0.000329753
0.422	0.000336929
0.423	0.000344251
0.424	0.000351719
0.425	0.000359339
0.426	0.000367111
0.427	0.000375039
0.428	0.000383126
0.429	0.000391375
0.43	0.000399788
0.431	0.000408369
0.432	0.000417121
0.433	0.000426046
0.434	0.000435148
0.435	0.00044443
0.436	0.000453896
0.437	0.000463547
0.438	0.000473389
0.439	0.000483424
0.44	0.000493656
0.441	0.000504088
0.442	0.000514723
0.443	0.000525566
0.444	0.00053662
0.445	0.000547889
0.446	0.000559376
0.447	0.000571086
0.448	0.000583021
0.449	0.000595187
0.45	0.000607587
0.451	0.000620226
0.452	0.000633106
0.453	0.000646234
0.454	0.000659612
0.455	0.000673245
0.456	0.000687138
0.457	0.000701295
0.458	0.00071572
0.459	0.000730418
0.46	0.000745395
0.461	0.000760653
0.462	0.000776199
0.463	0.000792037
0.464	0.000808172
0.465	0.000824609
0.466	0.000841353
0.467	0.000858409
0.468	0.000875783
0.469	0.00089348
0.47	0.000911505
0.471	0.000929863
0.472	0.000948561
0.473	0.000967603
0.474	0.000986996
0.475	0.00100674
0.476	0.00102686
0.477	0.00104733
0.478	0.00106819
0.479	0.00108942
0.48	0.00111104
0.481	0.00113305
0.482	0.00115546
0.483	0.00117828
0.484	0.00120151
0.485	0.00122515
0.486	0.00124922
0.487	0.00127373
0.488	0.00129867
0.489	0.00132406
0.49	0.0013499
0.491	0.0013762
0.492	0.00140297
0.493	0.00143021
0.494	0.00145794
0.495	0.00148615
0.496	0.00151486
0.497	0.00154408
0.498	0.00157381
0.499	0.00160406
0.5	0.00163484
0.501	0.00166616
0.502	0.00169802
0.503	0.00173044
0.504	0.00176342
0.505	0.00179697
0.506	0.0018311
0.507	0.00186581
0.508	0.00190113
0.509	0.00193705
0.51	0.00197359
0.511	0.00201075
0.512	0.00204854
0.513	0.00208698
0.514	0.00212608
0.515	0.00216583
0.516	0.00220626
0.517	0.00224737
0.518	0.00228918
0.519	0.00233168
0.52	0.0023749
0.521	0.00241885
0.522	0.00246353
0.523	0.00250895
0.524	0.00255513
0.525	0.00260208
0.526	0.0026498
0.527	0.00269832
0.528	0.00274763
0.529	0.00279776
0.53	0.00284871
0.531	0.00290049
0.532	0.00295313
0.533	0.00300662
0.534	0.00306098
0.535	0.00311623
0.536	0.00317237
0.537	0.00322942
0.538	0.0032874
0.539	0.0033463
0.54	0.00340616
0.541	0.00346697
0.542	0.00352876
0.543	0.00359154
0.544	0.00365531
0.545	0.0037201
0.546	0.00378592
0.547	0.00385278
0.548	0.0039207
0.549	0.00398969
0.55	0.00405976
0.551	0.00413093
0.552	0.00420322
0.553	0.00427664
0.554	0.0043512
0.555	0.00442692
0.556	0.00450381
0.557	0.0045819
0.558	0.00466119
0.559	0.0047417
0.56	0.00482345
0.561	0.00490646
0.562	0.00499073
0.563	0.0050763
0.564	0.00516316
0.565	0.00525135
0.566	0.00534088
0.567	0.00543176
0.568	0.00552401
0.569	0.00561765
0.57	0.00571269
0.571	0.00580917
0.572	0.00590708
0.573	0.00600646
0.574	0.00610731
0.575	0.00620967
0.576	0.00631353
0.577	0.00641894
0.578	0.0065259
0.579	0.00663443
0.58	0.00674455
0.581	0.00685629
0.582	0.00696966
0.583	0.00708468
0.584	0.00720137
0.585	0.00731975
0.586	0.00743984
0.587	0.00756167
0.588	0.00768525
0.589	0.00781061
0.59	0.00793776
0.591	0.00806673
0.592	0.00819754
0.593	0.0083302
0.594	0.00846475
0.595	0.0086012
0.596	0.00873958
0.597	0.0088799
0.598	0.0090222
0.599	0.00916649
0.6	0.00931279
0.601	0.00946113
0.602	0.00961154
0.603	0.00976403
0.604	0.00991863
0.605	0.0100754
0.606	0.0102343
0.607	0.0103953
0.608	0.0105586
0.609	0.0107241
0.61	0.0108919
0.611	0.0110619
0.612	0.0112343
0.613	0.0114089
0.614	0.011586
0.615	0.0117654
0.616	0.0119472
0.617	0.0121314
0.618	0.0123181
0.619	0.0125073
0.62	0.012699
0.621	0.0128933
0.622	0.0130901
0.623	0.0132895
0.624	0.0134915
0.625	0.0136961
0.626	0.0139034
0.627	0.0141135
0.628	0.0143262
0.629	0.0145417
0.63	0.01476
0.631	0.0149812
0.632	0.0152051
0.633	0.0154319
0.634	0.0156617
0.635	0.0158943
0.636	0.0161299
0.637	0.0163685
0.638	0.0166101
0.639	0.0168548
0.64	0.0171025
0.641	0.0173533
0.642	0.0176073
0.643	0.0178644
0.644	0.0181248
0.645	0.0183883
0.646	0.0186551
0.647	0.0189252
0.648	0.0191986
0.649	0.0194754
0.65	0.0197556
0.651	0.0200391
0.652	0.0203262
0.653	0.0206166
0.654	0.0209106
0.655	0.0212082
0.656	0.0215093
0.657	0.021814
0.658	0.0221224
0.659	0.0224344
0.66	0.0227501
0.661	0.0230696
0.662	0.0233928
0.663	0.0237199
0.664	0.0240508
0.665	0.0243855
0.666	0.0247241
0.667	0.0250667
0.668	0.0254133
0.669	0.0257638
0.67	0.0261184
0.671	0.0264771
0.672	0.0268399
0.673	0.0272068
0.674	0.0275779
0.675	0.0279532
0.676	0.0283327
0.677	0.0287166
0.678	0.0291047
0.679	0.0294972
0.68	0.0298941
0.681	0.0302953
0.682	0.0307011
0.683	0.0311113
0.684	0.0315261
0.685	0.0319454
0.686	0.0323693
0.687	0.0327979
0.688	0.0332311
0.689	0.033669
0.69	0.0341116
0.691	0.034559
0.692	0.0350113
0.693	0.0354684
0.694	0.0359303
0.695	0.0363972
0.696	0.036869
0.697	0.0373458
0.698	0.0378277
0.699	0.0383146
0.7	0.0388066
0.701	0.0393037
0.702	0.0398061
0.703	0.0403136
0.704	0.0408263
0.705	0.0413444
0.706	0.0418677
0.707	0.0423964
0.708	0.0429305
0.709	0.04347
0.71	0.044015
0.711	0.0445655
0.712	0.0451215
0.713	0.045683
0.714	0.0462502
0.715	0.046823
0.716	0.0474015
0.717	0.0479857
0.718	0.0485757
0.719	0.0491714
0.72	0.049773
0.721	0.0503804
0.722	0.0509937
0.723	0.0516129
0.724	0.0522381
0.725	0.0528693
0.726	0.0535066
0.727	0.0541499
0.728	0.0547993
0.729	0.0554548
0.73	0.0561166
0.731	0.0567845
0.732	0.0574587
0.733	0.0581392
0.734	0.0588259
0.735	0.0595191
0.736	0.0602186
0.737	0.0609245
0.738	0.0616369
0.739	0.0623558
0.74	0.0630812
0.741	0.0638132
0.742	0.0645517
0.743	0.0652969
0.744	0.0660487
0.745	0.0668072
0.746	0.0675724
0.747	0.0683444
0.748	0.0691232
0.749	0.0699088
0.75	0.0707013
0.751	0.0715006
0.752	0.0723068
0.753	0.07312
0.754	0.0739402
0.755	0.0747674
0.756	0.0756017
0.757	0.076443
0.758	0.0772914
0.759	0.0781469
0.76	0.0790096
0.761	0.0798795
0.762	0.0807567
0.763	0.081641
0.764	0.0825327
0.765	0.0834317
0.766	0.084338
0.767	0.0852517
0.768	0.0861728
0.769	0.0871013
0.77	0.0880372
0.771	0.0889806
0.772	0.0899316
0.773	0.0908901
0.774	0.0918561
0.775	0.0928297
0.776	0.0938109
0.777	0.0947998
0.778	0.0957963
0.779	0.0968005
0.78	0.0978124
0.781	0.098832
0.782	0.0998594
0.783	0.100895
0.784	0.101938
0.785	0.102988
0.786	0.104047
0.787	0.105114
0.788	0.106188
0.789	0.10727
0.79	0.108361
0.791	0.109459
0.792	0.110565
0.793	0.111679
0.794	0.112801
0.795	0.113931
0.796	0.11507
0.797	0.116216
0.798	0.11737
0.799	0.118533
0.8	0.119703
0.801	0.120882
0.802	0.122069
0.803	0.123264
0.804	0.124467
0.805	0.125679
0.806	0.126898
0.807	0.128126
0.808	0.129362
0.809	0.130606
0.81	0.131859
0.811	0.13312
0.812	0.134389
0.813	0.135666
0.814	0.136952
0.815	0.138246
0.816	0.139548
0.817	0.140858
0.818	0.142177
0.819	0.143505
0.82	0.14484
0.821	0.146184
0.822	0.147536
0.823	0.148897
0.824	0.150266
0.825	0.151643
0.826	0.153029
0.827	0.154423
0.828	0.155825
0.829	0.157236
0.83	0.158655
0.831	0.160083
0.832	0.161519
0.833	0.162963
0.834	0.164416
0.835	0.165877
0.836	0.167346
0.837	0.168824
0.838	0.17031
0.839	0.171804
0.84	0.173307
0.841	0.174818
0.842	0.176338
0.843	0.177866
0.844	0.179402
0.845	0.180946
0.846	0.182499
0.847	0.18406
0.848	0.185629
0.849	0.187207
0.85	0.188793
0.851	0.190387
0.852	0.19199
0.853	0.1936
0.854	0.195219
0.855	0.196846
0.856	0.198481
0.857	0.200125
0.858	0.201776
0.859	0.203436
0.86	0.205103
0.861	0.206779
0.862	0.208463
0.863	0.210155
0.864	0.211855
0.865	0.213563
0.866	0.21528
0.867	0.217004
0.868	0.218736
0.869	0.220476
0.87	0.222223
0.871	0.223979
0.872	0.225743
0.873	0.227514
0.874	0.229293
0.875	0.23108
0.876	0.232875
0.877	0.234677
0.878	0.236487
0.879	0.238305
0.88	0.240131
0.881	0.241964
0.882	0.243804
0.883	0.245652
0.884	0.247508
0.885	0.249371
0.886	0.251241
0.887	0.253119
0.888	0.255005
0.889	0.256897
0.89	0.258797
0.891	0.260704
0.892	0.262618
0.893	0.26454
0.894	0.266468
0.895	0.268404
0.896	0.270347
0.897	0.272296
0.898	0.274253
0.899	0.276217
0.9	0.278187
0.901	0.280164
0.902	0.282149
0.903	0.284139
0.904	0.286137
0.905	0.288141
0.906	0.290152
0.907	0.292169
0.908	0.294193
0.909	0.296223
0.91	0.29826
0.911	0.300303
0.912	0.302352
0.913	0.304408
0.914	0.30647
0.915	0.308538
0.916	0.310612
0.917	0.312692
0.918	0.314778
0.919	0.31687
0.92	0.318967
0.921	0.321071
0.922	0.32318
0.923	0.325296
0.924	0.327416
0.925	0.329543
0.926	0.331674
0.927	0.333812
0.928	0.335955
0.929	0.338103
0.93	0.340256
0.931	0.342415
0.932	0.344578
0.933	0.346747
0.934	0.348921
0.935	0.3511
0.936	0.353284
0.937	0.355472
0.938	0.357665
0.939	0.359864
0.94	0.362066
0.941	0.364274
0.942	0.366485
0.943	0.368702
0.944	0.370922
0.945	0.373147
0.946	0.375376
0.947	0.37761
0.948	0.379847
0.949	0.382089
0.95	0.384334
0.951	0.386583
0.952	0.388836
0.953	0.391093
0.954	0.393354
0.955	0.395618
0.956	0.397886
0.957	0.400157
0.958	0.402431
0.959	0.404709
0.96	0.40699
0.961	0.409274
0.962	0.411562
0.963	0.413852
0.964	0.416145
0.965	0.418441
0.966	0.42074
0.967	0.423042
0.968	0.425346
0.969	0.427653
0.97	0.429962
0.971	0.432274
0.972	0.434588
0.973	0.436904
0.974	0.439222
0.975	0.441543
0.976	0.443865
0.977	0.44619
0.978	0.448516
0.979	0.450844
0.98	0.453174
0.981	0.455505
0.982	0.457838
0.983	0.460172
0.984	0.462508
0.985	0.464845
0.986	0.467183
0.987	0.469522
0.988	0.471863
0.989	0.474204
0.99	0.476546
0.991	0.478889
0.992	0.481233
0.993	0.483578
0.994	0.485923
0.995	0.488268
0.996	0.490614
0.997	0.49296
0.998	0.495307
0.999	0.497653
1	0.5
1.001	0.502347
1.002	0.504693
1.003	0.50704
1.004	0.509386
1.005	0.511732
1.006	0.514077
1.007	0.516422
1.008	0.518767
1.009	0.521111
1.01	0.523454
1.011	0.525796
1.012	0.528137
1.013	0.530478
1.014	0.532817
1.015	0.535155
1.016	0.537492
1.017	0.539828
1.018	0.542162
1.019	0.544495
1.02	0.546826
1.021	0.549156
1.022	0.551484
1.023	0.55381
1.024	0.556135
1.025	0.558457
1.026	0.560778
1.027	0.563096
1.028	0.565412
1.029	0.567726
1.03	0.570038
1.031	0.572347
1.032	0.574654
1.033	0.576958
1.034	0.57926
1.035	0.581559
1.036	0.583855
1.037	0.586148
1.038	0.588438
1.039	0.590726
1.04	0.59301
1.041	0.595291
1.042	0.597569
1.043	0.599843
1.044	0.602114
1.045	0.604382
1.046	0.606646
1.047	0.608907
1.048	0.611164
1.049	0.613417
1.05	0.615666
1.051	0.617911
1.052	0.620153
1.053	0.62239
1.054	0.624624
1.055	0.626853
1.056	0.629078
1.057	0.631298
1.058	0.633515
1.059	0.635726
1.06	0.637934
1.061	0.640136
1.062	0.642335
1.063	0.644528
1.064	0.646716
1.065	0.6489
1.066	0.651079
1.067	0.653253
1.068	0.655422
1.069	0.657585
1.07	0.659744
1.071	0.661897
1.072	0.664045
1.073	0.666188
1.074	0.668326
1.075	0.670457
1.076	0.672584
1.077	0.674704
1.078	0.67682
1.079	0.678929
1.08	0.681033
1.081	0.68313
1.082	0.685222
1.083	0.687308
1.084	0.689388
1.085	0.691462
1.086	0.69353
1.087	0.695592
1.088	0.697648
1.089	0.699697
1.09	0.70174
1.091	0.703777
1.092	0.705807
1.093	0.707831
1.094	0.709848
1.095	0.711859
1.096	0.713863
1.097	0.715861
1.098	0.717851
1.099	0.719836
1.1	0.721813
1.101	0.723783
1.102	0.725747
1.103	0.727704
1.104	0.729653
1.105	0.731596
1.106	0.733532
1.107	0.73546
1.108	0.737382
1.109	0.739296
1.11	0.741203
1.111	0.743103
1.112	0.744995
1.113	0.746881
1.114	0.748759
1.115	0.750629
1.116	0.752492
1.117	0.754348
1.118	0.756196
1.119	0.758036
1.12	0.759869
1.121	0.761695
1.122	0.763513
1.123	0.765323
1.124	0.767125
1.125	0.76892
1.126	0.770707
1.127	0.772486
1.128	0.774257
1.129	0.776021
1.13	0.777777
1.131	0.779524
1.132	0.781264
1.133	0.782996
1.134	0.78472
1.135	0.786437
1.136	0.788145
1.137	0.789845
1.138	0.791537
1.139	0.793221
1.14	0.794897
1.141	0.796564
1.142	0.798224
1.143	0.799875
1.144	0.801519
1.145	0.803154
1.146	0.804781
1.147	0.8064
1.148	0.80801
1.149	0.809613
1.15	0.811207
1.151	0.812793
1.152	0.814371
1.153	0.81594
1.154	0.817501
1.155	0.819054
1.156	0.820598
1.157	0.822134
1.158	0.823662
1.159	0.825182
1.16	0.826693
1.161	0.828196
1.162	0.82969
1.163	0.831176
1.164	0.832654
1.165	0.834123
1.166	0.835584
1.167	0.837037
1.168	0.838481
1.169	0.839917
1.17	0.841345
1.171	0.842764
1.172	0.844175
1.173	0.845577
1.174	0.846971
1.175	0.848357
1.176	0.849734
1.177	0.851103
1.178	0.852464
1.179	0.853816
1.18	0.85516
1.181	0.856495
1.182	0.857823
1.183	0.859142
1.184	0.860452
1.185	0.861754
1.186	0.863048
1.187	0.864334
1.188	0.865611
1.189	0.86688
1.19	0.868141
1.191	0.869394
1.192	0.870638
1.193	0.871874
1.194	0.873102
1.195	0.874321
1.196	0.875533
1.197	0.876736
1.198	0.877931
1.199	0.879118
1.2	0.880297
1.201	0.881467
1.202	0.88263
1.203	0.883784
1.204	0.88493
1.205	0.886069
1.206	0.887199
1.207	0.888321
1.208	0.889435
1.209	0.890541
1.21	0.891639
1.211	0.89273
1.212	0.893812
1.213	0.894886
1.214	0.895953
1.215	0.897012
1.216	0.898062
1.217	0.899105
1.218	0.900141
1.219	0.901168
1.22	0.902188
1.221	0.9032
1.222	0.904204
1.223	0.9052
1.224	0.906189
1.225	0.90717
1.226	0.908144
1.227	0.90911
1.228	0.910068
1.229	0.911019
1.23	0.911963
1.231	0.912899
1.232	0.913827
1.233	0.914748
1.234	0.915662
1.235	0.916568
1.236	0.917467
1.237	0.918359
1.238	0.919243
1.239	0.92012
1.24	0.92099
1.241	0.921853
1.242	0.922709
1.243	0.923557
1.244	0.924398
1.245	0.925233
1.246	0.92606
1.247	0.92688
1.248	0.927693
1.249	0.928499
1.25	0.929299
1.251	0.930091
1.252	0.930877
1.253	0.931656
1.254	0.932428
1.255	0.933193
1.256	0.933951
1.257	0.934703
1.258	0.935448
1.259	0.936187
1.26	0.936919
1.261	0.937644
1.262	0.938363
1.263	0.939075
1.264	0.939781
1.265	0.940481
1.266	0.941174
1.267	0.941861
1.268	0.942541
1.269	0.943215
1.27	0.943883
1.271	0.944545
1.272	0.945201
1.273	0.94585
1.274	0.946493
1.275	0.947131
1.276	0.947762
1.277	0.948387
1.278	0.949006
1.279	0.94962
1.28	0.950227
1.281	0.950829
1.282	0.951424
1.283	0.952014
1.284	0.952598
1.285	0.953177
1.286	0.95375
1.287	0.954317
1.288	0.954879
1.289	0.955435
1.29	0.955985
1.291	0.95653
1.292	0.957069
1.293	0.957604
1.294	0.958132
1.295	0.958656
1.296	0.959174
1.297	0.959686
1.298	0.960194
1.299	0.960696
1.3	0.961193
1.301	0.961685
1.302	0.962172
1.303	0.962654
1.304	0.963131
1.305	0.963603
1.306	0.96407
1.307	0.964532
1.308	0.964989
1.309	0.965441
1.31	0.965888
1.311	0.966331
1.312	0.966769
1.313	0.967202
1.314	0.967631
1.315	0.968055
1.316	0.968474
1.317	0.968889
1.318	0.969299
1.319	0.969705
1.32	0.970106
1.321	0.970503
1.322	0.970895
1.323	0.971283
1.324	0.971667
1.325	0.972047
1.326	0.972422
1.327	0.972793
1.328	0.97316
1.329	0.973523
1.33	0.973882
1.331	0.974236
1.332	0.974587
1.333	0.974933
1.334	0.975276
1.335	0.975615
1.336	0.975949
1.337	0.97628
1.338	0.976607
1.339	0.97693
1.34	0.97725
1.341	0.977566
1.342	0.977878
1.343	0.978186
1.344	0.978491
1.345	0.978792
1.346	0.979089
1.347	0.979383
1.348	0.979674
1.349	0.979961
1.35	0.980244
1.351	0.980525
1.352	0.980801
1.353	0.981075
1.354	0.981345
1.355	0.981612
1.356	0.981875
1.357	0.982136
1.358	0.982393
1.359	0.982647
1.36	0.982898
1.361	0.983145
1.362	0.98339
1.363	0.983632
1.364	0.98387
1.365	0.984106
1.366	0.984338
1.367	0.984568
1.368	0.984795
1.369	0.985019
1.37	0.98524
1.371	0.985458
1.372	0.985674
1.373	0.985887
1.374	0.986097
1.375	0.986304
1.376	0.986509
1.377	0.986711
1.378	0.98691
1.379	0.987107
1.38	0.987301
1.381	0.987493
1.382	0.987682
1.383	0.987869
1.384	0.988053
1.385	0.988235
1.386	0.988414
1.387	0.988591
1.388	0.988766
1.389	0.988938
1.39	0.989108
1.391	0.989276
1.392	0.989441
1.393	0.989605
1.394	0.989766
1.395	0.989925
1.396	0.990081
1.397	0.990236
1.398	0.990388
1.399	0.990539
1.4	0.990687
1.401	0.990834
1.402	0.990978
1.403	0.99112
1.404	0.99126
1.405	0.991399
1.406	0.991535
1.407	0.99167
1.408	0.991802
1.409	0.991933
1.41	0.992062
1.411	0.992189
1.412	0.992315
1.413	0.992438
1.414	0.99256
1.415	0.99268
1.416	0.992799
1.417	0.992915
1.418	0.99303
1.419	0.993144
1.42	0.993255
1.421	0.993366
1.422	0.993474
1.423	0.993581
1.424	0.993686
1.425	0.99379
1.426	0.993893
1.427	0.993994
1.428	0.994093
1.429	0.994191
1.43	0.994287
1.431	0.994382
1.432	0.994476
1.433	0.994568
1.434	0.994659
1.435	0.994749
1.436	0.994837
1.437	0.994924
1.438	0.995009
1.439	0.995094
1.44	0.995177
1.441	0.995258
1.442	0.995339
1.443	0.995418
1.444	0.995496
1.445	0.995573
1.446	0.995649
1.447	0.995723
1.448	0.995797
1.449	0.995869
1.45	0.99594
1.451	0.99601
1.452	0.996079
1.453	0.996147
1.454	0.996214
1.455	0.99628
1.456	0.996345
1.457	0.996408
1.458	0.996471
1.459	0.996533
1.46	0.996594
1.461	0.996654
1.462	0.996713
1.463	0.996771
1.464	0.996828
1.465	0.996884
1.466	0.996939
1.467	0.996993
1.468	0.997047
1.469	0.9971
1.47	0.997151
1.471	0.997202
1.472	0.997252
1.473	0.997302
1.474	0.99735
1.475	0.997398
1.476	0.997445
1.477	0.997491
1.478	0.997536
1.479	0.997581
1.48	0.997625
1.481	0.997668
1.482	0.997711
1.483	0.997753
1.484	0.997794
1.485	0.997834
1.486	0.997874
1.487	0.997913
1.488	0.997951
1.489	0.997989
1.49	0.998026
1.491	0.998063
1.492	0.998099
1.493	0.998134
1.494	0.998169
1.495	0.998203
1.496	0.998237
1.497	0.99827
1.498	0.998302
1.499	0.998334
1.5	0.998365
1.501	0.998396
1.502	0.998426
1.503	0.998456
1.504	0.998485
1.505	0.998514
1.506	0.998542
1.507	0.99857
1.508	0.998597
1.509	0.998624
1.51	0.99865
1.511	0.998676
1.512	0.998701
1.513	0.998726
1.514	0.998751
1.515	0.998775
1.516	0.998798
1.517	0.998822
1.518	0.998845
1.519	0.998867
1.52	0.998889
1.521	0.998911
1.522	0.998932
1.523	0.998953
1.524	0.998973
1.525	0.998993
1.526	0.999013
1.527	0.999032
1.528	0.999051
1.529	0.99907
1.53	0.999088
1.531	0.999107
1.532	0.999124
1.533	0.999142
1.534	0.999159
1.535	0.999175
1.536	0.999192
1.537	0.999208
1.538	0.999224
1.539	0.999239
1.54	0.999255
1.541	0.99927
1.542	0.999284
1.543	0.999299
1.544	0.999313
1.545	0.999327
1.546	0.99934
1.547	0.999354
1.548	0.999367
1.549	0.99938
1.55	0.999392
1.551	0.999405
1.552	0.999417
1.553	0.999429
1.554	0.999441
1.555	0.999452
1.556	0.999463
1.557	0.999474
1.558	0.999485
1.559	0.999496
1.56	0.999506
1.561	0.999517
1.562	0.999527
1.563	0.999536
1.564	0.999546
1.565	0.999556
1.566	0.999565
1.567	0.999574
1.568	0.999583
1.569	0.999592
1.57	0.9996
1.571	0.999609
1.572	0.999617
1.573	0.999625
1.574	0.999633
1.575	0.999641
1.576	0.999648
1.577	0.999656
1.578	0.999663
1.579	0.99967
1.58	0.999677
1.581	0.999684
1.582	0.999691
1.583	0.999698
1.584	0.999704
1.585	0.99971
1.586	0.999717
1.587	0.999723
1.588	0.999729
1.589	0.999735
1.59	0.99974
1.591	0.999746
1.592	0.999751
1.593	0.999757
1.594	0.999762
1.595	0.999767
1.596	0.999772
1.597	0.999777
1.598	0.999782
1.599	0.999787
1.6	0.999792
1.601	0.999796
1.602	0.999801
1.603	0.999805
1.604	0.99981
1.605	0.999814
1.606	0.999818
1.607	0.999822
1.608	0.999826
1.609	0.99983
1.61	0.999834
1.611	0.999837
1.612	0.999841
1.613	0.999844
1.614	0.999848
1.615	0.999851
1.616	0.999855
1.617	0.999858
1.618	0.999861
1.619	0.999864
1.62	0.999867
1.621	0.99987
1.622	0.999873
1.623	0.999876
1.624	0.999879
1.625	0.999882
1.626	0.999884
1.627	0.999887
1.628	0.99989
1.629	0.999892
1.63	0.999895
1.631	0.999897
1.632	0.999899
1.633	0.999902
1.634	0.999904
1.635	0.999906
1.636	0.999908
1.637	0.999911
1.638	0.999913
1.639	0.999915
1.64	0.999917
1.641	0.999919
1.642	0.99992
1.643	0.999922
1.644	0.999924
1.645	0.999926
1.646	0.999928
1.647	0.999929
1.648	0.999931
1.649	0.999933
1.65	0.999934
1.651	0.999936
1.652	0.999937
1.653	0.999939
1.654	0.99994
1.655	0.999942
1.656	0.999943
1.657	0.999944
1.658	0.999946
1.659	0.999947
1.66	0.999948
1.661	0.99995
1.662	0.999951
1.663	0.999952
1.664	0.999953
1.665	0.999954
1.666	0.999955
1.667	0.999956
1.668	0.999957
1.669	0.999958
1.67	0.999959
1.671	0.99996
1.672	0.999961
1.673	0.999962
1.674	0.999963
1.675	0.999964
1.676	0.999965
1.677	0.999966
1.678	0.999967
1.679	0.999968
1.68	0.999968
1.681	0.999969
1.682	0.99997
1.683	0.999971
1.684	0.999971
1.685	0.999972
1.686	0.999973
1.687	0.999973
1.688	0.999974
1.689	0.999975
1.69	0.999975
1.691	0.999976
1.692	0.999977
1.693	0.999977
1.694	0.999978
1.695	0.999978
1.696	0.999979
1.697	0.999979
1.698	0.99998
1.699	0.99998
1.7	0.999981
1.701	0.999981
1.702	0.999982
1.703	0.999982
1.704	0.999983
1.705	0.999983
1.706	0.999984
1.707	0.999984
1.708	0.999984
1.709	0.999985
1.71	0.999985
1.711	0.999986
1.712	0.999986
1.713	0.999986
1.714	0.999987
1.715	0.999987
1.716	0.999987
1.717	0.999988
1.718	0.999988
1.719	0.999988
1.72	0.999989
1.721	0.999989
1.722	0.999989
1.723	0.999989
1.724	0.99999
1.725	0.99999
1.726	0.99999
1.727	0.999991
1.728	0.999991
1.729	0.999991
1.73	0.999991
1.731	0.999991
1.732	0.999992
1.733	0.999992
1.734	0.999992
1.735	0.999992
1.736	0.999993
1.737	0.999993
1.738	0.999993
1.739	0.999993
1.74	0.999993
1.741	0.999993
1.742	0.999994
1.743	0.999994
1.744	0.999994
1.745	0.999994
1.746	0.999994
1.747	0.999994
1.748	0.999995
1.749	0.999995
1.75	0.999995
1.751	0.999995
1.752	0.999995
1.753	0.999995
1.754	0.999995
1.755	0.999996
1.756	0.999996
1.757	0.999996
1.758	0.999996
1.759	0.999996
1.76	0.999996
1.761	0.999996
1.762	0.999996
1.763	0.999996
1.764	0.999997
1.765	0.999997
1.766	0.999997
1.767	0.999997
1.768	0.999997
1.769	0.999997
1.77	0.999997
1.771	0.999997
1.772	0.999997
1.773	0.999997
1.774	0.999997
1.775	0.999997
1.776	0.999997
1.777	0.999998
1.778	0.999998
1.779	0.999998
1.78	0.999998
1.781	0.999998
1.782	0.999998
1.783	0.999998
1.784	0.999998
1.785	0.999998
1.786	0.999998
1.787	0.999998
1.788	0.999998
1.789	0.999998
1.79	0.999998
1.791	0.999998
1.792	0.999998
1.793	0.999998
1.794	0.999998
1.795	0.999999
1.796	0.999999
1.797	0.999999
1.798	0.999999
1.799	0.999999
1.8	0.999999
1.801	0.999999
1.802	0.999999
1.803	0.999999
1.804	0.999999
1.805	0.999999
1.806	0.999999
1.807	0.999999
1.808	0.999999
1.809	0.999999
1.81	0.999999
1.811	0.999999
1.812	0.999999
1.813	0.999999
1.814	0.999999
1.815	0.999999
1.816	0.999999
1.817	0.999999
1.818	0.999999
1.819	0.999999
1.82	0.999999
1.821	0.999999
1.822	0.999999
1.823	0.999999
1.824	0.999999
1.825	0.999999
1.826	0.999999
1.827	0.999999
1.828	0.999999
1.829	0.999999
1.83	0.999999
1.831	0.999999
1.832	1
1.833	1
1.834	1
1.835	1
1.836	1
1.837	1
1.838	1
1.839	1
1.84	1
1.841	1
1.842	1
1.843	1
1.844	1
1.845	1
1.846	1
1.847	1
1.848	1
1.849	1
1.85	1
1.851	1
1.852	1
1.853	1
1.854	1
1.855	1
1.856	1
1.857	1
1.858	1
1.859	1
1.86	1
1.861	1
1.862	1
1.863	1
1.864	1
1.865	1
1.866	1
1.867	1
1.868	1
1.869	1
1.87	1
1.871	1
1.872	1
1.873	1
1.874	1
1.875	1
1.876	1
1.877	1
1.878	1
1.879	1
1.88	1
1.881	1
1.882	1
1.883	1
1.884	1
1.885	1
1.886	1
1.887	1
1.888	1
1.889	1
1.89	1
1.891	1
1.892	1
1.893	1
1.894	1
1.895	1
1.896	1
1.897	1
1.898	1
1.899	1
1.9	1
1.901	1
1.902	1
1.903	1
1.904	1
1.905	1
1.906	1
1.907	1
1.908	1
1.909	1
1.91	1
1.911	1
1.912	1
1.913	1
1.914	1
1.915	1
1.916	1
1.917	1
1.918	1
1.919	1
1.92	1
1.921	1
1.922	1
1.923	1
1.924	1
1.925	1
1.926	1
1.927	1
1.928	1
1.929	1
1.93	1
1.931	1
1.932	1
1.933	1
1.934	1
1.935	1
1.936	1
1.937	1
1.938	1
1.939	1
1.94	1
1.941	1
1.942	1
1.943	1
1.944	1
1.945	1
1.946	1
1.947	1
1.948	1
1.949	1
1.95	1
1.951	1
1.952	1
1.953	1
1.954	1
1.955	1
1.956	1
1.957	1
1.958	1
1.959	1
1.96	1
1.961	1
1.962	1
1.963	1
1.964	1
1.965	1
1.966	1
1.967	1
1.968	1
1.969	1
1.97	1
1.971	1
1.972	1
1.973	1
1.974	1
1.975	1
1.976	1
1.977	1
1.978	1
1.979	1
1.98	1
1.981	1
1.982	1
1.983	1
1.984	1
1.985	1
1.986	1
1.987	1
1.988	1
1.989	1
1.99	1
1.991	1
1.992	1
1.993	1
1.994	1
1.995	1
1.996	1
1.997	1
1.998	1
1.999	1
2	1
2.001	1
2.002	1
2.003	1
2.004	1
2.005	1
2.006	1
2.007	1
2.008	1
2.009	1
2.01	1
2.011	1
2.012	1
2.013	1
2.014	1
2.015	1
2.016	1
2.017	1
2.018	1
2.019	1
2.02	1
2.021	1
2.022	1
2.023	1
2.024	1
2.025	1
2.026	1
2.027	1
2.028	1
2.029	1
2.03	1
2.031	1
2.032	1
2.033	1
2.034	1
2.035	1
2.036	1
2.037	1
2.038	1
2.039	1
2.04	1
2.041	1
2.042	1
2.043	1
2.044	1
2.045	1
2.046	1
2.047	1
2.048	1
2.049	1
2.05	1
2.051	1
2.052	1
2.053	1
2.054	1
2.055	1
2.056	1
2.057	1
2.058	1
2.059	1
2.06	1
2.061	1
2.062	1
2.063	1
2.064	1
2.065	1
2.066	1
2.067	1
2.068	1
2.069	1
2.07	1
2.071	1
2.072	1
2.073	1
2.074	1
2.075	1
2.076	1
2.077	1
2.078	1
2.079	1
2.08	1
2.081	1
2.082	1
2.083	1
2.084	1
2.085	1
2.086	1
2.087	1
2.088	1
2.089	1
2.09	1
2.091	1
2.092	1
2.093	1
2.094	1
2.095	1
2.096	1
2.097	1
2.098	1
2.099	1
2.1	1
2.101	1
2.102	1
2.103	1
2.104	1
2.105	1
2.106	1
2.107	1
2.108	1
2.109	1
2.11	1
2.111	1
2.112	1
2.113	1
2.114	1
2.115	1
2.116	1
2.117	1
2.118	1
2.119	1
2.12	1
2.121	1
2.122	1
2.123	1
2.124	1
2.125	1
2.126	1
2.127	1
2.128	1
2.129	1
2.13	1
2.131	1
2.132	1
2.133	1
2.134	1
2.135	1
2.136	1
2.137	1
2.138	1
2.139	1
2.14	1
2.141	1
2.142	1
2.143	1
2.144	1
2.145	1
2.146	1
2.147	1
2.148	1
2.149	1
2.15	1
2.151	1
2.152	1
2.153	1
2.154	1
2.155	1
2.156	1
2.157	1
2.158	1
2.159	1
2.16	1
2.161	1
2.162	1
2.163	1
2.164	1
2.165	1
2.166	1
2.167	1
2.168	1
2.169	1
2.17	1
2.171	1
2.172	1
2.173	1
2.174	1
2.175	1
2.176	1
2.177	1
2.178	1
2.179	1
2.18	1
2.181	1
2.182	1
2.183	1
2.184	1
2.185	1
2.186	1
2.187	1
2.188	1
2.189	1
2.19	1
2.191	1
2.192	1
2.193	1
2.194	1
2.195	1
2.196	1
2.197	1
2.198	1
2.199	1
2.2	1
2.201	1
2.202	1
2.203	1
2.204	1
2.205	1
2.206	1
2.207	1
2.208	1
2.209	1
2.21	1
2.211	1
2.212	1
2.213	1
2.214	1
2.215	1
2.216	1
2.217	1
2.218	1
2.219	1
2.22	1
2.221	1
2.222	1
2.223	1
2.224	1
2.225	1
2.226	1
2.227	1
2.228	1
2.229	1
2.23	1
2.231	1
2.232	1
2.233	1
2.234	1
2.235	1
2.236	1
2.237	1
2.238	1
2.239	1
2.24	1
2.241	1
2.242	1
2.243	1
2.244	1
2.245	1
2.246	1
2.247	1
2.248	1
2.249	1
2.25	1
2.251	1
2.252	1
2.253	1
2.254	1
2.255	1
2.256	1
2.257	1
2.258	1
2.259	1
2.26	1
2.261	1
2.262	1
2.263	1
2.264	1
2.265	1
2.266	1
2.267	1
2.268	1
2.269	1
2.27	1
2.271	1
2.272	1
2.273	1
2.274	1
2.275	1
2.276	1
2.277	1
2.278	1
2.279	1
2.28	1
2.281	1
2.282	1
2.283	1
2.284	1
2.285	1
2.286	1
2.287	1
2.288	1
2.289	1
2.29	1
2.291	1
2.292	1
2.293	1
2.294	1
2.295	1
2.296	1
2.297	1
2.298	1
2.299	1
2.3	1
2.301	1
2.302	1
2.303	1
2.304	1
2.305	1
2.306	1
2.307	1
2.308	1
2.309	1
2.31	1
2.311	1
2.312	1
2.313	1
2.314	1
2.315	1
2.316	1
2.317	1
2.318	1
2.319	1
2.32	1
2.321	1
2.322	1
2.323	1
2.324	1
2.325	1
2.326	1
2.327	1
2.328	1
2.329	1
2.33	1
2.331	1
2.332	1
2.333	1
2.334	1
2.335	1
2.336	1
2.337	1
2.338	1
2.339	1
2.34	1
2.341	1
2.342	1
2.343	1
2.344	1
2.345	1
2.346	1
2.347	1
2.348	1
2.349	1
2.35	1
2.351	1
2.352	1
2.353	1
2.354	1
2.355	1
2.356	1
2.357	1
2.358	1
2.359	1
2.36	1
2.361	1
2.362	1
2.363	1
2.364	1
2.365	1
2.366	1
2.367	1
2.368	1
2.369	1
2.37	1
2.371	1
2.372	1
2.373	1
2.374	1
2.375	1
2.376	1
2.377	1
2.378	1
2.379	1
2.38	1
2.381	1
2.382	1
2.383	1
2.384	1
2.385	1
2.386	1
2.387	1
2.388	1
2.389	1
2.39	1
2.391	1
2.392	1
2.393	1
2.394	1
2.395	1
2.396	1
2.397	1
2.398	1
2.399	1
2.4	1
2.401	1
2.402	1
2.403	1
2.404	1
2.405	1
2.406	1
2.407	1
2.408	1
2.409	1
2.41	1
2.411	1
2.412	1
2.413	1
2.414	1
2.415	1
2.416	1
2.417	1
2.418	1
2.419	1
2.42	1
2.421	1
2.422	1
2.423	1
2.424	1
2.425	1
2.426	1
2.427	1
2.428	1
2.429	1
2.43	1
2.431	1
2.432	1
2.433	1
2.434	1
2.435	1
2.436	1
2.437	1
2.438	1
2.439	1
2.44	1
2.441	1
2.442	1
2.443	1
2.444	1
2.445	1
2.446	1
2.447	1
2.448	1
2.449	1
2.45	1
2.451	1
2.452	1
2.453	1
2.454	1
2.455	1
2.456	1
2.457	1
2.458	1
2.459	1
2.46	1
2.461	1
2.462	1
2.463	1
2.464	1
2.465	1
2.466	1
2.467	1
2.468	1
2.469	1
2.47	1
2.471	1
2.472	1
2.473	1
2.474	1
2.475	1
2.476	1
2.477	1
2.478	1
2.479	1
2.48	1
2.481	1
2.482	1
2.483	1
2.484	1
2.485	1
2.486	1
2.487	1
2.488	1
2.489	1
2.49	1
2.491	1
2.492	1
2.493	1
2.494	1
2.495	1
2.496	1
2.497	1
2.498	1
2.499	1
2.5	1
