# Longevidade
0
0.0304841
0.0362387
0.0376385
0.0382606
0.0398159
0.0421489
0.0423044
0.0444818
0.0449484
0.0458816
0.0472814
0.0521029
0.0522584
0.0567688
0.0578575
0.0587907
0.0612792
0.0617458
0.0620568
0.0625234
0.0628345
0.0631456
0.0637677
0.0637677
0.0645453
0.0648564
0.0654785
0.067967
0.0690557
0.0693668
0.072944
0.0743438
0.0748104
0.0751214
0.075277
0.0758991
0.0765212
0.0768323
0.0771433
0.0776099
0.0786986
0.0808761
0.0818093
0.0822759
0.0880305
0.0903635
0.090519
0.0912966
0.0914522
0.0917632
0.0933185
0.0959626
0.0968958
0.0993843
0.0996953
0.0998508
0.100784
0.101717
0.102495
0.103117
0.106383
0.110582
0.11276
0.113538
0.115404
0.115715
0.117426
0.117892
0.11867
0.119603
0.119759
0.120225
0.120225
0.12147
0.123803
0.125825
0.126913
0.128157
0.128157
0.129713
0.130179
0.132357
0.132668
0.132823
0.132979
0.137489
0.137645
0.137645
0.1378
0.138267
0.138734
0.142155
0.142155
0.147132
0.148843
0.149621
0.153198
0.153353
0.153976
0.155686
0.155686
0.155842
0.160041
0.160352
0.161597
0.161752
0.161908
0.163463
0.164085
0.164396
0.164707
0.166263
0.168907
0.169529
0.169684
0.171706
0.173417
0.173728
0.175905
0.176061
0.180105
0.181038
0.18166
0.182749
0.184771
0.185548
0.185548
0.185704
0.186015
0.187259
0.188815
0.189748
0.189748
0.190681
0.191925
0.192547
0.193325
0.19488
0.196124
0.196747
0.19908
0.200013
0.201879
0.203434
0.203901
0.20499
0.205456
0.210122
0.210589
0.211211
0.211678
0.211678
0.211833
0.213233
0.217588
0.221009
0.221943
0.222409
0.226609
0.226764
0.229253
0.229875
0.23143
0.231586
0.231741
0.232674
0.235629
0.236251
0.237651
0.238429
0.240451
0.240606
0.240762
0.244184
0.244495
0.248849
0.25056
0.250716
0.253671
0.254449
0.25476
0.255537
0.259115
0.25927
0.260048
0.263158
0.266113
0.269846
0.270002
0.270779
0.273423
0.274201
0.277778
0.278245
0.281044
0.283377
0.284155
0.289599
0.290843
0.290998
0.293798
0.294887
0.298153
0.298464
0.301574
0.301886
0.302974
0.303285
0.303285
0.303752
0.306707
0.309507
0.309662
0.310751
0.311217
0.31635
0.318683
0.320083
0.320238
0.321171
0.321482
0.321482
0.321793
0.325215
0.327393
0.328015
0.328481
0.337347
0.337813
0.342635
0.34279
0.34419
0.344501
0.347301
0.347301
0.348856
0.351811
0.354144
0.354766
0.357255
0.357721
0.357721
0.364564
0.365498
0.367208
0.37063
0.371097
0.373274
0.373741
0.375763
0.37654
0.377162
0.382295
0.382295
0.383384
0.384939
0.389449
0.390383
0.394426
0.398937
0.401892
0.40438
0.407024
0.40858
0.41309
0.415423
0.419
0.420245
0.420556
0.4232
0.426932
0.428643
0.431598
0.43222
0.434398
0.434553
0.436575
0.436886
0.438442
0.440464
0.441552
0.44233
0.442641
0.455706
0.459749
0.460216
0.462549
0.463327
0.463327
0.465348
0.466126
0.467059
0.469237
0.469703
0.472036
0.473281
0.473903
0.476547
0.482612
0.483235
0.48339
0.483857
0.485723
0.486967
0.487745
0.490233
0.490389
0.4907
0.491478
0.491789
0.494277
0.495366
0.496921
0.49801
0.498632
0.501743
0.502987
0.50392
0.50392
0.507653
0.511541
0.511852
0.515741
0.519784
0.521029
0.521962
0.525072
0.525383
0.525539
0.527561
0.52865
0.531449
0.533782
0.534404
0.534404
0.535337
0.538292
0.540003
0.541714
0.543269
0.546691
0.549802
0.55509
0.555245
0.556956
0.558045
0.559445
0.560067
0.561156
0.56551
0.570798
0.570798
0.573442
0.575153
0.57702
0.577486
0.578264
0.581686
0.582152
0.584952
0.585107
0.591017
0.593817
0.597083
0.597705
0.600505
0.605171
0.613569
0.615747
0.617924
0.618391
0.618546
0.620568
0.62399
0.6285
0.628967
0.6313
0.631456
0.636744
0.637366
0.639854
0.639854
0.640632
0.648875
0.650119
0.652919
0.655874
0.656652
0.656963
0.657896
0.661473
0.662251
0.664895
0.667072
0.668627
0.669872
0.677959
0.683558
0.684647
0.685425
0.687913
0.693201
0.694134
0.701911
0.703
0.704866
0.708754
0.709221
0.709532
0.712798
0.714976
0.716531
0.71762
0.720419
0.721974
0.723996
0.724619
0.726485
0.732084
0.73675
0.739238
0.742038
0.742816
0.744371
0.746082
0.746237
0.747326
0.749037
0.749503
0.75277
0.755569
0.761168
0.761946
0.765368
0.766767
0.768634
0.769722
0.774077
0.774699
0.775788
0.778121
0.786831
0.789008
0.79103
0.791652
0.799273
0.80254
0.803473
0.803939
0.806117
0.807516
0.811871
0.813116
0.813893
0.814826
0.814826
0.817626
0.81887
0.819337
0.82167
0.824158
0.824469
0.826802
0.828047
0.83349
0.835823
0.838156
0.838778
0.838934
0.839245
0.8408
0.843133
0.852932
0.865841
0.868796
0.870818
0.87875
0.880927
0.888237
0.888704
0.894925
0.898658
0.90239
0.90519
0.912033
0.912344
0.916544
0.920743
0.923387
0.923698
0.925876
0.932097
0.932252
0.933341
0.933652
0.935985
0.945472
0.951694
0.954493
0.958537
0.958848
0.962581
0.966469
0.967247
0.969269
0.970357
0.972379
0.975179
0.975334
0.976579
0.986066
0.986377
0.98871
0.989021
0.991821
1.00815
1.00831
1.01111
1.02106
1.02386
1.02573
1.03335
1.03599
1.04252
1.04346
1.04392
1.04392
1.04423
1.05046
1.05248
1.05683
1.05885
1.06274
1.06508
1.06974
1.07285
1.07332
1.07394
1.0741
1.08218
1.08218
1.08654
1.08887
1.09696
1.0982
1.09929
1.10038
1.10318
1.10427
1.10443
1.11453
1.12029
1.12589
1.13211
1.13538
1.13678
1.13864
1.14424
1.1472
1.1528
1.15404
1.15684
1.16633
1.16757
1.17021
1.17146
1.17301
1.1783
1.18219
1.18343
1.18841
1.19526
1.2007
1.20708
1.21267
1.21361
1.22356
1.22512
1.22885
1.23476
1.24456
1.26244
1.26307
1.26789
1.26898
1.27364
1.27551
1.2766
1.28189
1.28764
1.28826
1.29604
1.29791
1.29977
1.30584
1.31004
1.31175
1.31221
1.31315
1.31595
1.31844
1.31921
1.3245
1.32668
1.32979
1.33088
1.3315
1.3385
1.33912
1.34441
1.34845
1.34954
1.35374
1.3539
1.35467
1.35996
1.36634
1.36945
1.37349
1.37567
1.37583
1.38127
1.38329
1.41922
1.42
1.42202
1.42637
1.43384
1.44675
1.44908
1.45935
1.46495
1.47257
1.49372
1.49527
1.4959
1.49807
1.50865
1.51223
1.51518
1.52311
1.52607
1.54116
1.5494
1.55406
1.56262
1.56993
1.5847
1.58595
1.60212
1.60461
1.62654
1.64801
1.65454
1.66309
1.67336
1.68456
1.68798
1.69669
1.70477
1.70742
1.73308
1.7337
1.73744
1.76776
1.78114
1.78332
1.78721
1.79001
1.79156
1.80587
1.80867
1.80898
1.81194
1.84569
1.8516
1.85595
1.85766
1.86606
1.89312
1.90137
1.90277
1.90665
1.91116
1.92983
1.93745
1.94025
1.95502
1.97431
1.98769
1.99562
2.00386
2.00666
2.01164
2.01459
2.07229
2.10449
2.10713
2.11289
2.11475
2.11538
2.11584
2.11615
2.12409
2.1681
2.19656
2.19921
2.21196
2.21834
2.24307
2.24867
2.26251
2.27682
2.29533
2.29595
2.31834
2.35225
2.3636
2.372
2.37745
2.37791
2.38025
2.38056
2.38771
2.41151
2.41524
2.44588
2.45832
2.46019
2.46408
2.47574
2.48072
2.48165
2.49534
2.51338
2.51976
2.56533
2.57279
2.57684
2.60685
2.62054
2.64994
2.66176
2.67342
2.72941
2.76098
2.76876
2.78758
2.79987
2.8064
2.80687
2.82506
2.84482
2.88494
2.89132
2.91092
3.02134
3.03705
3.04794
3.12524
3.2324
3.2464
3.25091
3.252
3.27921
3.28217
3.30783
3.3237
3.36864
3.37471
3.37487
3.40613
3.40924
3.41764
3.47394
3.57006
3.59572
3.64362
3.7091
3.76027
3.88718
3.98144
4.05516
4.16045
4.40495
4.44414
4.51288
4.59438
4.61927
4.70808
4.78569
4.82379
4.91478
4.92877
5.1123
5.63784
5.93599
6.51535
10.1493
