# Longevidade
0
0.0108739
0.0115264
0.0118888
0.0125413
0.0141361
0.0142086
0.0142811
0.0143536
0.0144261
0.0144986
0.014861
0.015151
0.015731
0.0160209
0.0160209
0.0160934
0.0162384
0.0166009
0.0166734
0.0168184
0.0177608
0.0181957
0.0187032
0.0189931
0.0190656
0.0191381
0.0194281
0.0199355
0.020298
0.020588
0.020588
0.020588
0.020878
0.020878
0.0209504
0.0211679
0.0211679
0.0212404
0.0213129
0.0215304
0.0216754
0.0216754
0.0219653
0.0221103
0.0221103
0.0224003
0.0227628
0.0229078
0.0229078
0.0229802
0.0234152
0.0238502
0.0238502
0.0239951
0.0240676
0.0242126
0.0242851
0.0242851
0.0243576
0.0245026
0.0245751
0.0246476
0.0247201
0.0250825
0.025155
0.025155
0.0252275
0.0253725
0.025445
0.0255175
0.0256625
0.025735
0.0258075
0.0261699
0.0263149
0.0263874
0.0264599
0.0266049
0.0266049
0.0266049
0.0266774
0.0271848
0.0271848
0.0274023
0.0274023
0.0275473
0.0279823
0.0279823
0.0280547
0.0280547
0.0280547
0.0281997
0.0282722
0.0282722
0.0284897
0.0284897
0.0285622
0.0286347
0.0287072
0.0292146
0.0292146
0.0295046
0.0295771
0.0297221
0.0297946
0.030157
0.030157
0.0302295
0.0302295
0.0303745
0.030447
0.030447
0.0305195
0.030592
0.0306645
0.030737
0.031027
0.0310995
0.0312444
0.0313169
0.0313894
0.0316794
0.0317519
0.0317519
0.0320419
0.0320419
0.0321868
0.0321868
0.0321868
0.0324768
0.0324768
0.0325493
0.0326943
0.0327668
0.0329118
0.0329118
0.0330568
0.0332017
0.0333467
0.0334917
0.0335642
0.0336367
0.0339267
0.0340717
0.0341442
0.0342891
0.0342891
0.0343616
0.0343616
0.0344341
0.0346516
0.0347966
0.0347966
0.0348691
0.0348691
0.0350141
0.0350866
0.0350866
0.035304
0.035304
0.035304
0.0353765
0.035594
0.035739
0.035884
0.035884
0.036174
0.0363914
0.0364639
0.0365364
0.0367539
0.0367539
0.0370439
0.0370439
0.0371889
0.0374788
0.0378413
0.0378413
0.0379138
0.0381313
0.0381313
0.0382038
0.0383487
0.0383487
0.0387112
0.0388562
0.0390737
0.0392187
0.0392911
0.0392911
0.0392911
0.0394361
0.0394361
0.0396536
0.0396536
0.0397261
0.0397986
0.0397986
0.0398711
0.0399436
0.0399436
0.0400886
0.040306
0.040451
0.0406685
0.0406685
0.0406685
0.040741
0.0408135
0.041031
0.041031
0.0413934
0.0414659
0.0415384
0.0416109
0.0416109
0.0416109
0.0418284
0.0420459
0.0421184
0.0421909
0.0423358
0.0424083
0.0425533
0.0425533
0.0426258
0.0426983
0.0426983
0.0427708
0.0429158
0.0429883
0.0431333
0.0432058
0.0432058
0.0437857
0.0439307
0.0440032
0.0441482
0.0441482
0.0441482
0.0442932
0.0442932
0.0445106
0.0447281
0.0447281
0.0447281
0.0448006
0.0448006
0.0449456
0.0451631
0.0452356
0.0452356
0.0453081
0.0453806
0.0455255
0.045598
0.045743
0.0458155
0.0458155
0.0458155
0.0458155
0.045888
0.0459605
0.0459605
0.046033
0.046033
0.0462505
0.0462505
0.0463955
0.0464679
0.0464679
0.0464679
0.0464679
0.0466854
0.0467579
0.0468304
0.0468304
0.0469029
0.0469029
0.0469029
0.0470479
0.0470479
0.0471204
0.0471204
0.0471204
0.0473379
0.0474828
0.0476278
0.0476278
0.0477728
0.0479178
0.0479903
0.0480628
0.0480628
0.0481353
0.0484977
0.0485702
0.0485702
0.0489327
0.0490052
0.0490777
0.0492227
0.0493677
0.0493677
0.0493677
0.0495126
0.0497301
0.0497301
0.0497301
0.0497301
0.0499476
0.0502376
0.0504551
0.0506725
0.050745
0.051035
0.05118
0.0512525
0.051325
0.051325
0.051325
0.05147
0.05147
0.05147
0.05147
0.0516874
0.0517599
0.0517599
0.0518324
0.0521224
0.0521949
0.0521949
0.0524849
0.0525573
0.0526298
0.0527748
0.0528473
0.0529198
0.0529923
0.0530648
0.0532098
0.0532098
0.0532823
0.0534998
0.0534998
0.0534998
0.0535722
0.0535722
0.0537172
0.0538622
0.0538622
0.0539347
0.0539347
0.0540072
0.0540797
0.0541522
0.0545147
0.0545871
0.0545871
0.0545871
0.0547321
0.0549496
0.0550221
0.0550221
0.0550221
0.0550946
0.0551671
0.0551671
0.0553121
0.0553121
0.0553121
0.0554571
0.0554571
0.0554571
0.055747
0.055747
0.0558195
0.055892
0.055892
0.056182
0.056327
0.056327
0.056327
0.056327
0.0566169
0.0568344
0.0570519
0.0570519
0.0571244
0.0571969
0.0572694
0.0572694
0.0573419
0.0574144
0.0574144
0.0574869
0.0574869
0.0574869
0.0575594
0.0575594
0.0576318
0.0576318
0.0577043
0.0579218
0.0581393
0.0582118
0.0582843
0.0583568
0.0584293
0.0585018
0.0585743
0.0586467
0.0587917
0.0589367
0.0592992
0.0594442
0.0595892
0.0596617
0.0597341
0.0598791
0.0598791
0.0599516
0.0600241
0.0601691
0.0605316
0.0606041
0.060749
0.060749
0.060894
0.0609665
0.0611115
0.0611115
0.061184
0.0612565
0.061329
0.061474
0.061619
0.061619
0.0616915
0.0618364
0.0619089
0.0620539
0.0620539
0.0621264
0.0621264
0.0622714
0.0622714
0.0624889
0.0625614
0.0625614
0.0629238
0.0629963
0.0630688
0.0631413
0.0631413
0.0632138
0.0634313
0.0635038
0.0635763
0.0637213
0.0637937
0.0638662
0.0640112
0.0640837
0.0642287
0.0642287
0.0643737
0.0644462
0.0645912
0.0646637
0.0647362
0.0649536
0.0649536
0.0649536
0.0650261
0.0650986
0.0650986
0.0653886
0.0655336
0.0655336
0.0656061
0.065896
0.065896
0.065896
0.0659685
0.0659685
0.066186
0.066186
0.066186
0.0662585
0.0662585
0.0662585
0.066331
0.066621
0.066621
0.0666935
0.0666935
0.0668384
0.0672734
0.0672734
0.0672734
0.0674184
0.0677084
0.0677084
0.0677084
0.0677809
0.0678533
0.0678533
0.0679258
0.0679983
0.0679983
0.0681433
0.0681433
0.0684333
0.0685058
0.0685058
0.0686508
0.0687958
0.0687958
0.0688682
0.0689407
0.0691582
0.0693032
0.0693757
0.0697382
0.0697382
0.0698107
0.0698831
0.0699556
0.0701006
0.0701731
0.0703906
0.0704631
0.0706081
0.0706806
0.0706806
0.0706806
0.0707531
0.070898
0.070898
0.0709705
0.0711155
0.0711155
0.0714055
0.071478
0.0715505
0.071623
0.0718405
0.0718405
0.0719129
0.0719854
0.0720579
0.0720579
0.0722029
0.0724204
0.0724204
0.0724929
0.0725654
0.0725654
0.0726379
0.0728554
0.0731453
0.0731453
0.0731453
0.0732178
0.0732178
0.0734353
0.0734353
0.0735803
0.0736528
0.0737253
0.0737253
0.0741602
0.0741602
0.0742327
0.0745227
0.0745227
0.0745952
0.0745952
0.0746677
0.0746677
0.0747402
0.0748127
0.0748852
0.0749577
0.0750301
0.0753201
0.0753926
0.0754651
0.0755376
0.0756101
0.0756826
0.0758276
0.0759726
0.076045
0.07619
0.0764075
0.0764075
0.07648
0.0765525
0.076625
0.0766975
0.07677
0.076915
0.0771324
0.0773499
0.0774949
0.0774949
0.0776399
0.0777124
0.0778574
0.0779299
0.0780024
0.0782923
0.0785098
0.0785823
0.0786548
0.0787273
0.0787273
0.0787998
0.0788723
0.0789448
0.0789448
0.0790173
0.0790897
0.0793072
0.0793072
0.0793072
0.0793072
0.0793797
0.0793797
0.0794522
0.0795247
0.0795247
0.0795972
0.0797422
0.0798147
0.0798147
0.0798872
0.0802496
0.0803221
0.0803946
0.0808296
0.0809746
0.081192
0.081192
0.0812645
0.081337
0.081337
0.0814095
0.0814095
0.0815545
0.081917
0.081917
0.081917
0.0819895
0.0822794
0.0827144
0.0832218
0.0832943
0.0833668
0.0835118
0.0835843
0.0835843
0.0837293
0.0839468
0.0839468
0.0841642
0.0842367
0.0842367
0.0843092
0.0843817
0.0845267
0.0845992
0.0845992
0.0845992
0.0846717
0.0847442
0.0849617
0.0850342
0.0851791
0.0851791
0.0853966
0.0856141
0.0856866
0.0858316
0.0858316
0.0859041
0.0861216
0.0861216
0.086194
0.086484
0.086629
0.0867015
0.0867015
0.086919
0.0869915
0.0869915
0.0869915
0.0871365
0.0871365
0.0872089
0.0872089
0.0872089
0.0872814
0.0872814
0.0873539
0.0874989
0.0874989
0.0874989
0.0875714
0.0875714
0.0875714
0.0876439
0.0876439
0.0876439
0.0876439
0.0877889
0.0879339
0.0881514
0.0881514
0.0884413
0.0885138
0.0885138
0.0888038
0.0888763
0.0889488
0.0889488
0.0890938
0.0890938
0.0893112
0.0897462
0.0898187
0.0899637
0.0900362
0.0900362
0.0901087
0.0902537
0.0903261
0.0903261
0.0903261
0.0906886
0.0909061
0.0911236
0.0912686
0.0912686
0.0914135
0.091486
0.091486
0.0915585
0.0917035
0.092066
0.092066
0.0922835
0.0924284
0.0925734
0.0927184
0.0927909
0.0928634
0.0929359
0.0929359
0.0929359
0.0930084
0.0930084
0.0931534
0.0931534
0.0931534
0.0932259
0.0934433
0.0934433
0.0935158
0.0937333
0.0938058
0.0940958
0.0944582
0.0944582
0.0946032
0.0946032
0.0946032
0.0948207
0.0948932
0.0948932
0.0949657
0.0950382
0.0950382
0.0955456
0.0956181
0.0956906
0.0957631
0.0957631
0.0958356
0.0959081
0.0961256
0.0961256
0.0962706
0.0963431
0.096488
0.096633
0.096633
0.0967055
0.096778
0.096778
0.0968505
0.0969955
0.0969955
0.0969955
0.097068
0.097068
0.0972855
0.0976479
0.0976479
0.0977929
0.0977929
0.0979379
0.0979379
0.0979379
0.0980829
0.0981554
0.0983004
0.0985178
0.0985903
0.0986628
0.0987353
0.0988078
0.0991703
0.0992428
0.0992428
0.0993878
0.0994602
0.0996052
0.0997502
0.0998952
0.0999677
0.10004
0.100258
0.100475
0.100475
0.10062
0.10062
0.10091
0.100983
0.101055
0.101128
0.101128
0.1012
0.101273
0.101345
0.101853
0.101853
0.101997
0.101997
0.101997
0.101997
0.101997
0.10207
0.102142
0.102215
0.10236
0.102432
0.102577
0.10265
0.10265
0.102722
0.102722
0.102795
0.102867
0.10294
0.103012
0.103012
0.10323
0.10323
0.103302
0.103375
0.10352
0.10352
0.103665
0.103955
0.103955
0.104027
0.104027
0.1041
0.104172
0.104317
0.104317
0.104317
0.10439
0.104462
0.104607
0.104825
0.104825
0.10497
0.105187
0.105187
0.105332
0.105405
0.10555
0.105622
0.105767
0.105767
0.105912
0.10613
0.10642
0.10642
0.106492
0.10671
0.106855
0.106855
0.106927
0.106927
0.107
0.107144
0.107144
0.107217
0.107289
0.107579
0.107652
0.107724
0.107869
0.107869
0.107942
0.108159
0.108232
0.108304
0.108449
0.108522
0.108522
0.108739
0.108884
0.109102
0.109247
0.109319
0.109754
0.109754
0.109972
0.110044
0.110117
0.110117
0.110117
0.110189
0.110189
0.110189
0.110262
0.110262
0.110407
0.110552
0.110624
0.110624
0.110987
0.111059
0.111059
0.111059
0.111422
0.111712
0.111712
0.111784
0.112002
0.112074
0.112147
0.112436
0.112654
0.113234
0.113306
0.113379
0.113451
0.113451
0.113669
0.113814
0.113886
0.113886
0.114031
0.114176
0.114394
0.114684
0.114901
0.114901
0.115046
0.115554
0.115916
0.115989
0.116206
0.116279
0.116351
0.116351
0.116424
0.116496
0.116641
0.116641
0.116714
0.116786
0.116859
0.116931
0.116931
0.117004
0.117004
0.117004
0.117221
0.117293
0.117583
0.118018
0.118018
0.118091
0.118091
0.118163
0.118308
0.118308
0.118381
0.118453
0.118526
0.118598
0.118598
0.118743
0.118743
0.118816
0.118961
0.119323
0.119396
0.119396
0.119396
0.119468
0.119613
0.119831
0.119831
0.119976
0.120048
0.120121
0.120121
0.120193
0.120411
0.120628
0.120628
0.120628
0.120846
0.120918
0.120918
0.121063
0.121136
0.121208
0.121353
0.121498
0.121571
0.121643
0.121788
0.121861
0.121933
0.122296
0.12273
0.122803
0.12302
0.123093
0.123165
0.123455
0.1236
0.123745
0.123745
0.123818
0.124253
0.124543
0.12476
0.12476
0.125195
0.125485
0.125558
0.125558
0.125703
0.125775
0.125775
0.125848
0.12592
0.126138
0.126355
0.126863
0.12708
0.12708
0.12708
0.127587
0.127805
0.12795
0.128312
0.128675
0.128675
0.128747
0.12882
0.129255
0.129255
0.129472
0.129545
0.129617
0.129762
0.129907
0.129907
0.12998
0.130052
0.130197
0.130342
0.130487
0.130487
0.130632
0.130777
0.130777
0.130777
0.13085
0.130922
0.130922
0.130995
0.130995
0.131212
0.131212
0.131357
0.131357
0.131575
0.131647
0.132082
0.132227
0.132227
0.132517
0.13259
0.132734
0.132734
0.132807
0.132807
0.132807
0.132879
0.132952
0.133024
0.133097
0.133097
0.133242
0.133387
0.133387
0.133604
0.133749
0.133822
0.133822
0.134184
0.134257
0.134329
0.134837
0.134909
0.134909
0.135054
0.135127
0.135344
0.135344
0.135344
0.135417
0.135489
0.135489
0.135489
0.135634
0.135707
0.135852
0.136069
0.136069
0.136069
0.136214
0.136287
0.136287
0.136432
0.136504
0.136504
0.136577
0.136577
0.136867
0.136939
0.136939
0.136939
0.136939
0.137012
0.137012
0.137519
0.137592
0.137664
0.137736
0.137809
0.138099
0.138171
0.138244
0.138316
0.138316
0.138751
0.138751
0.138824
0.138896
0.138896
0.139041
0.139186
0.139186
0.139259
0.139259
0.139331
0.139476
0.139549
0.139694
0.139766
0.139839
0.140056
0.140129
0.140274
0.140419
0.140419
0.140491
0.140491
0.140564
0.140636
0.140781
0.140999
0.141216
0.141361
0.141361
0.141361
0.141434
0.141796
0.141941
0.141941
0.142086
0.142231
0.142304
0.142304
0.142304
0.142521
0.142666
0.142811
0.142883
0.142883
0.142883
0.142956
0.143028
0.143028
0.143101
0.143173
0.143173
0.143173
0.143173
0.143173
0.143246
0.143246
0.143391
0.143463
0.143536
0.143608
0.143753
0.143898
0.144116
0.144116
0.144333
0.144551
0.144623
0.144768
0.144841
0.144913
0.145131
0.145203
0.145203
0.145276
0.145421
0.145638
0.145711
0.146001
0.146291
0.146436
0.146726
0.146726
0.146798
0.146798
0.147016
0.147088
0.147161
0.147233
0.147306
0.147306
0.147378
0.147378
0.147451
0.147523
0.147523
0.147668
0.147813
0.147958
0.148103
0.148248
0.148538
0.1489
0.149045
0.149118
0.14948
0.14948
0.149553
0.149625
0.149843
0.149988
0.15006
0.150133
0.150423
0.150713
0.150785
0.151075
0.151075
0.15122
0.151293
0.151365
0.15151
0.151583
0.151945
0.151945
0.152018
0.152163
0.152163
0.152235
0.152235
0.15238
0.152453
0.152525
0.152598
0.152598
0.152598
0.152888
0.15296
0.153032
0.153105
0.15325
0.15354
0.153757
0.153757
0.153902
0.153975
0.154337
0.15441
0.154555
0.154627
0.1547
0.154772
0.154772
0.15499
0.155062
0.155135
0.155135
0.155425
0.155425
0.155497
0.15557
0.155642
0.155642
0.15586
0.156005
0.156295
0.156512
0.156585
0.156802
0.156802
0.156875
0.156875
0.156947
0.15702
0.157165
0.157237
0.157382
0.157745
0.158179
0.158252
0.158397
0.158397
0.158832
0.158977
0.159194
0.159267
0.159557
0.159629
0.159847
0.159919
0.160064
0.160064
0.160209
0.160282
0.160427
0.160644
0.160644
0.160789
0.160862
0.160862
0.160934
0.161079
0.161297
0.161877
0.161877
0.162022
0.162094
0.162167
0.162384
0.162674
0.162747
0.162747
0.162964
0.163326
0.163544
0.163544
0.163544
0.163616
0.163761
0.163834
0.163906
0.163979
0.164196
0.164196
0.164196
0.164486
0.164486
0.164631
0.164704
0.164849
0.164921
0.164921
0.165139
0.165284
0.165356
0.165501
0.165646
0.165864
0.165936
0.165936
0.166009
0.166009
0.166081
0.166081
0.166371
0.166444
0.166516
0.166516
0.166589
0.166951
0.167024
0.167096
0.167241
0.167386
0.167459
0.167604
0.168328
0.168401
0.168546
0.168546
0.168618
0.168691
0.168981
0.169053
0.169126
0.169271
0.169271
0.169271
0.169271
0.169561
0.169633
0.169633
0.169851
0.169851
0.169923
0.170213
0.170358
0.170358
0.170503
0.170648
0.170793
0.170866
0.170866
0.171156
0.171228
0.171373
0.171373
0.171663
0.171663
0.171736
0.171808
0.171881
0.171953
0.171953
0.171953
0.172026
0.172388
0.172533
0.172678
0.172823
0.172896
0.173041
0.173041
0.173113
0.173258
0.173403
0.173548
0.173693
0.173693
0.173983
0.173983
0.173983
0.173983
0.174055
0.1742
0.174635
0.174635
0.17478
0.175143
0.175215
0.175288
0.175505
0.17565
0.175723
0.176013
0.176375
0.17652
0.176738
0.176883
0.177173
0.177173
0.177318
0.17739
0.177608
0.17768
0.17768
0.177825
0.177825
0.177825
0.17797
0.178115
0.178188
0.178188
0.17826
0.178405
0.178478
0.17855
0.178622
0.178695
0.178912
0.178912
0.178912
0.178985
0.178985
0.17913
0.17913
0.17913
0.179202
0.179565
0.179565
0.179637
0.179855
0.179927
0.180217
0.180217
0.180507
0.180507
0.18058
0.18058
0.180652
0.180652
0.18087
0.18087
0.180942
0.18116
0.181305
0.181305
0.181595
0.181667
0.18174
0.18174
0.18174
0.181812
0.181957
0.18203
0.182175
0.182247
0.18232
0.18232
0.182537
0.182537
0.18261
0.18261
0.182755
0.182827
0.182827
0.182972
0.182972
0.183117
0.18319
0.18319
0.183407
0.183552
0.183697
0.183769
0.183769
0.183842
0.183842
0.184204
0.184204
0.184349
0.184494
0.184494
0.184639
0.184784
0.185002
0.185219
0.185364
0.185437
0.185654
0.185799
0.186017
0.186089
0.186234
0.186379
0.186379
0.186669
0.186742
0.186814
0.187177
0.187322
0.187394
0.187829
0.187974
0.188047
0.188192
0.188337
0.188409
0.188409
0.188554
0.188554
0.188554
0.188554
0.188627
0.188627
0.188627
0.188699
0.188844
0.188844
0.189206
0.189206
0.189206
0.189279
0.189279
0.189351
0.189424
0.189424
0.189496
0.189714
0.189786
0.189786
0.189786
0.189931
0.190004
0.190076
0.190221
0.190729
0.191309
0.191526
0.191526
0.191599
0.191599
0.191671
0.192034
0.192251
0.192396
0.192396
0.192469
0.192469
0.192686
0.192759
0.192759
0.192831
0.193049
0.193121
0.193194
0.193266
0.193339
0.193556
0.193629
0.193701
0.194063
0.194136
0.194353
0.194571
0.194788
0.194861
0.195006
0.195368
0.195731
0.195876
0.195948
0.195948
0.196021
0.196166
0.196311
0.196456
0.196528
0.196601
0.196818
0.196963
0.196963
0.197036
0.197108
0.197108
0.197253
0.197326
0.197398
0.197471
0.197833
0.197906
0.197978
0.198051
0.198051
0.198123
0.198268
0.198268
0.198631
0.198631
0.199065
0.199065
0.199428
0.199573
0.199645
0.19979
0.19979
0.199863
0.199935
0.20008
0.20008
0.20008
0.200225
0.200225
0.20037
0.200515
0.200515
0.200588
0.200805
0.201095
0.201168
0.201313
0.201385
0.201458
0.201675
0.201748
0.201893
0.201965
0.201965
0.202038
0.20211
0.20211
0.202183
0.202255
0.202255
0.202255
0.202328
0.20269
0.202835
0.20298
0.20298
0.203053
0.203125
0.20327
0.203415
0.203415
0.203705
0.20385
0.203923
0.20414
0.204212
0.204575
0.204647
0.204792
0.204865
0.204937
0.205155
0.2053
0.205372
0.205517
0.205662
0.205662
0.205735
0.205735
0.205807
0.206097
0.20617
0.20617
0.206242
0.20675
0.20675
0.20675
0.206822
0.206967
0.207185
0.207185
0.207185
0.207185
0.207185
0.207257
0.20733
0.207692
0.207765
0.207837
0.208055
0.208417
0.20849
0.20849
0.208635
0.208707
0.208707
0.20878
0.208925
0.208997
0.209142
0.209142
0.209504
0.209504
0.209867
0.210012
0.210447
0.210737
0.210737
0.210882
0.210882
0.211027
0.211099
0.211172
0.211244
0.211389
0.211462
0.211462
0.211752
0.211824
0.211969
0.212042
0.212114
0.212114
0.212114
0.212114
0.212332
0.212332
0.212477
0.212477
0.213129
0.213202
0.213274
0.213419
0.213492
0.213927
0.213999
0.214072
0.214289
0.214434
0.214506
0.214506
0.214651
0.214941
0.215086
0.215304
0.215304
0.215304
0.215376
0.215594
0.215666
0.215666
0.215956
0.215956
0.216029
0.216101
0.216246
0.216319
0.216391
0.216391
0.216609
0.216681
0.216971
0.217116
0.217261
0.217479
0.217479
0.217479
0.217479
0.217551
0.217624
0.217624
0.217841
0.217914
0.217986
0.217986
0.217986
0.218059
0.218494
0.218639
0.218711
0.218784
0.218856
0.219001
0.219001
0.219146
0.219146
0.219508
0.219798
0.219943
0.219943
0.219943
0.220016
0.220016
0.220088
0.220161
0.220306
0.220523
0.220596
0.220668
0.220886
0.220886
0.220886
0.220886
0.221031
0.221103
0.221103
0.221248
0.221321
0.221393
0.221683
0.221683
0.221683
0.221683
0.221973
0.221973
0.222118
0.222118
0.222118
0.222336
0.222626
0.222916
0.222916
0.223061
0.223133
0.223206
0.223206
0.223351
0.223786
0.223931
0.224003
0.224221
0.224293
0.224366
0.224583
0.224583
0.224728
0.2248
0.224873
0.224945
0.224945
0.225235
0.225308
0.225453
0.225598
0.225598
0.22567
0.22567
0.226105
0.226178
0.22625
0.22625
0.226395
0.226395
0.226468
0.226613
0.226685
0.226758
0.22683
0.227265
0.227338
0.227555
0.227555
0.227555
0.227555
0.227628
0.227773
0.228135
0.228353
0.228498
0.228498
0.228498
0.22857
0.228715
0.228788
0.22886
0.22886
0.228933
0.229295
0.229657
0.22973
0.229802
0.229802
0.23002
0.230165
0.230237
0.230455
0.230672
0.230817
0.23089
0.231107
0.231252
0.231252
0.231397
0.23147
0.231615
0.232122
0.232267
0.232412
0.232485
0.232485
0.23263
0.232702
0.232702
0.232847
0.233137
0.233137
0.233427
0.23379
0.233862
0.233935
0.234007
0.234007
0.23408
0.234297
0.234515
0.234515
0.234587
0.234587
0.234659
0.234877
0.234877
0.235022
0.235022
0.235022
0.235094
0.235094
0.235312
0.235384
0.235384
0.235529
0.235529
0.235964
0.236037
0.236037
0.236109
0.236109
0.236327
0.236327
0.236762
0.236979
0.236979
0.237052
0.237052
0.237052
0.237052
0.237269
0.237414
0.237414
0.237487
0.237559
0.237559
0.237704
0.237704
0.237777
0.237922
0.238067
0.238502
0.238647
0.238719
0.238792
0.238792
0.239154
0.239227
0.239372
0.239372
0.239372
0.239662
0.239662
0.239662
0.239734
0.239734
0.239879
0.239951
0.240024
0.240096
0.240241
0.240386
0.240459
0.240604
0.240604
0.241111
0.241184
0.241256
0.241256
0.241256
0.241474
0.241474
0.241619
0.241691
0.242271
0.242344
0.242344
0.242344
0.242416
0.242561
0.242851
0.242851
0.242996
0.243069
0.243286
0.243359
0.243431
0.243649
0.243649
0.243721
0.243721
0.243866
0.244011
0.244301
0.244446
0.244519
0.244591
0.244953
0.244953
0.245098
0.245098
0.245461
0.245533
0.245606
0.245968
0.246041
0.246186
0.246186
0.246331
0.246331
0.246403
0.246403
0.246403
0.246476
0.246621
0.246983
0.247128
0.247201
0.247346
0.247346
0.247346
0.247636
0.247708
0.247926
0.247926
0.247998
0.248071
0.248288
0.248433
0.248433
0.248651
0.248796
0.249521
0.249593
0.249883
0.249955
0.249955
0.249955
0.2501
0.250245
0.250535
0.250608
0.25068
0.250825
0.25097
0.25097
0.251115
0.251333
0.251405
0.25155
0.251768
0.251768
0.251913
0.251913
0.251985
0.252203
0.252203
0.252275
0.252348
0.252638
0.252638
0.252638
0.253
0.253508
0.25358
0.25358
0.253653
0.253725
0.253725
0.253725
0.253798
0.253798
0.253943
0.253943
0.253943
0.253943
0.254305
0.254305
0.254523
0.254813
0.255102
0.255102
0.255247
0.255247
0.255392
0.255465
0.255537
0.255755
0.255755
0.255827
0.256045
0.25619
0.256262
0.256335
0.256407
0.256407
0.256552
0.256987
0.25706
0.257132
0.257277
0.257495
0.257567
0.25764
0.257785
0.258147
0.258147
0.258147
0.25822
0.25851
0.2588
0.258945
0.258945
0.259017
0.259162
0.259162
0.259235
0.259307
0.259452
0.259452
0.259597
0.259597
0.25967
0.259742
0.259815
0.259887
0.260032
0.260177
0.260322
0.260467
0.260974
0.260974
0.261192
0.261337
0.261409
0.261772
0.261844
0.262062
0.262134
0.262207
0.262279
0.262279
0.262352
0.262569
0.262569
0.262642
0.262787
0.263149
0.263222
0.263222
0.263294
0.263294
0.263367
0.263512
0.263657
0.264019
0.264164
0.264309
0.265034
0.265107
0.265179
0.265251
0.265396
0.265541
0.265541
0.265686
0.265831
0.265904
0.265904
0.266411
0.266411
0.266484
0.266556
0.266556
0.266774
0.267209
0.267426
0.267789
0.267861
0.268079
0.268151
0.268224
0.268369
0.268586
0.268731
0.268731
0.268804
0.268876
0.269166
0.269311
0.269456
0.269529
0.269529
0.269891
0.269891
0.269964
0.270036
0.270036
0.270036
0.270109
0.270181
0.270181
0.270181
0.270833
0.271051
0.271123
0.271268
0.271486
0.271631
0.271703
0.271703
0.271776
0.271921
0.271921
0.271993
0.271993
0.272646
0.272718
0.272863
0.273588
0.273806
0.273878
0.273951
0.274313
0.274386
0.274458
0.274531
0.274531
0.274603
0.274893
0.275038
0.275256
0.275256
0.275256
0.275328
0.2754
0.275473
0.275473
0.275473
0.275545
0.275763
0.275763
0.276125
0.276198
0.276198
0.27627
0.27627
0.27627
0.276415
0.276488
0.276488
0.276705
0.276705
0.276995
0.27714
0.277213
0.277213
0.277358
0.27743
0.277575
0.27772
0.278228
0.278228
0.2783
0.278373
0.278445
0.27859
0.278663
0.278808
0.279025
0.279243
0.27946
0.279605
0.279895
0.279968
0.280258
0.28091
0.280982
0.281055
0.281127
0.2812
0.281272
0.281417
0.28149
0.28149
0.281707
0.281707
0.28178
0.28207
0.28207
0.28207
0.282577
0.282722
0.282722
0.282795
0.28294
0.283157
0.283447
0.283592
0.284172
0.284245
0.284535
0.284607
0.284897
0.28497
0.285042
0.285187
0.285187
0.285622
0.285839
0.285912
0.285912
0.286057
0.286129
0.286202
0.286274
0.286274
0.286274
0.286492
0.286492
0.286492
0.286564
0.286564
0.286637
0.286854
0.286927
0.286927
0.286999
0.287072
0.287072
0.287144
0.287289
0.287362
0.287434
0.287434
0.287507
0.287652
0.287942
0.288014
0.288232
0.288232
0.288232
0.288377
0.288594
0.288739
0.288884
0.288957
0.289029
0.289392
0.289537
0.289827
0.289827
0.290117
0.290117
0.290334
0.290334
0.290479
0.290696
0.290769
0.290914
0.291059
0.291059
0.291131
0.291494
0.291566
0.291711
0.291784
0.291856
0.292074
0.292364
0.292436
0.293596
0.293886
0.294031
0.294249
0.294539
0.294539
0.294756
0.294829
0.295046
0.295046
0.295119
0.295264
0.295409
0.295481
0.295481
0.295554
0.295699
0.295771
0.295916
0.295988
0.296351
0.296786
0.297003
0.297076
0.297221
0.297221
0.297293
0.297366
0.297366
0.297583
0.297656
0.297656
0.297728
0.297801
0.297801
0.297873
0.298018
0.298091
0.298163
0.298236
0.298236
0.298236
0.298453
0.298598
0.299033
0.299178
0.299323
0.299541
0.299831
0.299903
0.299976
0.299976
0.299976
0.300193
0.300193
0.300411
0.300628
0.300701
0.300773
0.300846
0.301063
0.301425
0.301643
0.302005
0.302078
0.30215
0.30215
0.30215
0.302295
0.30244
0.302948
0.303093
0.30331
0.30331
0.30389
0.303963
0.303963
0.304108
0.304108
0.30418
0.304325
0.304398
0.304398
0.304978
0.305123
0.305485
0.305558
0.305558
0.30592
0.306065
0.306355
0.3065
0.306645
0.30679
0.306862
0.307152
0.307225
0.307442
0.307442
0.307442
0.307515
0.307587
0.307587
0.30766
0.307732
0.307877
0.307877
0.307877
0.308022
0.308095
0.308167
0.308312
0.308457
0.30853
0.308602
0.308747
0.308747
0.308747
0.309037
0.30911
0.309182
0.309255
0.309327
0.309472
0.309472
0.309545
0.309907
0.30998
0.310052
0.310052
0.310125
0.310342
0.310415
0.31056
0.310777
0.310995
0.310995
0.311284
0.311647
0.311792
0.311937
0.312009
0.312807
0.313024
0.313024
0.313314
0.313677
0.313749
0.313822
0.313967
0.314257
0.314329
0.314837
0.315199
0.315417
0.315707
0.315707
0.315997
0.315997
0.315997
0.316069
0.316069
0.316142
0.316214
0.316286
0.316504
0.316649
0.316721
0.316939
0.317156
0.317156
0.317156
0.317374
0.317374
0.317664
0.317809
0.317809
0.317881
0.317881
0.317954
0.318244
0.318389
0.318389
0.318534
0.318896
0.319259
0.319476
0.319621
0.319621
0.320129
0.320129
0.320274
0.320419
0.320491
0.320636
0.320709
0.320926
0.320926
0.320926
0.320926
0.320999
0.321071
0.321288
0.321578
0.321578
0.321578
0.321868
0.321868
0.322158
0.322376
0.322593
0.323028
0.323028
0.323028
0.323318
0.323608
0.323753
0.323826
0.324043
0.324043
0.324261
0.324261
0.324623
0.324768
0.324913
0.324986
0.324986
0.325058
0.325058
0.325131
0.325131
0.325421
0.325638
0.325638
0.325783
0.326001
0.326218
0.326363
0.32658
0.32658
0.326653
0.326653
0.326725
0.326725
0.326798
0.32687
0.327015
0.327015
0.327015
0.327088
0.32716
0.327305
0.327305
0.327523
0.327668
0.327668
0.327885
0.32803
0.328175
0.32832
0.328538
0.328538
0.328538
0.328828
0.3289
0.328973
0.329045
0.329045
0.329045
0.329118
0.329625
0.329843
0.329843
0.329843
0.33006
0.33006
0.330133
0.330205
0.330205
0.33035
0.330495
0.330568
0.330568
0.330713
0.330713
0.33122
0.331293
0.331365
0.332017
0.33209
0.33209
0.332235
0.33238
0.332452
0.332597
0.333322
0.33354
0.333612
0.333757
0.33383
0.333975
0.334265
0.334265
0.334772
0.334772
0.334917
0.334917
0.335135
0.335207
0.33528
0.335715
0.335715
0.335787
0.335787
0.335932
0.336222
0.336367
0.336367
0.33644
0.336584
0.336729
0.336729
0.336802
0.336802
0.337019
0.337019
0.337092
0.337382
0.337817
0.337889
0.337889
0.338107
0.338397
0.338542
0.338614
0.338687
0.338832
0.338904
0.339629
0.339774
0.339847
0.339919
0.339992
0.340064
0.340137
0.340282
0.340282
0.340354
0.340572
0.340644
0.340717
0.340862
0.341007
0.341224
0.341442
0.341442
0.341514
0.341587
0.341587
0.341659
0.341731
0.342021
0.342166
0.342456
0.342601
0.343036
0.343109
0.343399
0.343616
0.343689
0.343761
0.343979
0.344051
0.344051
0.344196
0.344631
0.344994
0.345066
0.345284
0.345356
0.345501
0.345646
0.345791
0.345936
0.346009
0.346009
0.346299
0.346371
0.346589
0.346589
0.346661
0.346951
0.346951
0.347096
0.347458
0.347531
0.347531
0.347603
0.347821
0.347893
0.347966
0.348038
0.348546
0.348763
0.348981
0.349053
0.349126
0.349198
0.349271
0.349271
0.349271
0.349343
0.349343
0.349416
0.349778
0.349851
0.349923
0.349996
0.349996
0.349996
0.350141
0.350286
0.350431
0.350503
0.350576
0.350648
0.350866
0.351228
0.351591
0.352025
0.352243
0.352388
0.352678
0.352823
0.352895
0.352895
0.353113
0.353475
0.353548
0.353548
0.35362
0.35362
0.35362
0.3542
0.3542
0.3542
0.354273
0.354418
0.35478
0.35478
0.354853
0.354853
0.354998
0.35507
0.355288
0.355288
0.355433
0.355505
0.355505
0.355505
0.35565
0.35565
0.355868
0.355868
0.356013
0.356375
0.356593
0.356665
0.356955
0.357027
0.357172
0.357317
0.357752
0.35797
0.358042
0.358332
0.358332
0.358405
0.358622
0.35884
0.35884
0.358912
0.358912
0.358985
0.35913
0.359275
0.359927
0.360072
0.36029
0.36029
0.360362
0.360362
0.360362
0.360507
0.36058
0.36058
0.360725
0.36087
0.361015
0.361015
0.361087
0.36116
0.361377
0.361522
0.361957
0.36203
0.362102
0.362247
0.362392
0.362392
0.362464
0.362464
0.362537
0.362609
0.362682
0.362972
0.363407
0.363407
0.363479
0.363624
0.363697
0.363914
0.364059
0.364059
0.364277
0.364494
0.364494
0.365074
0.365147
0.365219
0.365437
0.365509
0.365509
0.365654
0.366162
0.366597
0.366597
0.366669
0.366814
0.366887
0.366959
0.367104
0.367539
0.367756
0.367901
0.367974
0.367974
0.368046
0.368046
0.368191
0.368336
0.368771
0.368989
0.369061
0.369061
0.369279
0.369496
0.369569
0.369714
0.369786
0.369786
0.370149
0.370656
0.370946
0.371091
0.371236
0.371236
0.371236
0.371526
0.371599
0.372034
0.372613
0.372976
0.373338
0.373846
0.373918
0.373918
0.374136
0.374136
0.374136
0.374498
0.374498
0.374571
0.374788
0.374933
0.374933
0.374933
0.375006
0.375296
0.375368
0.375513
0.375731
0.376166
0.376166
0.376238
0.376238
0.376383
0.376528
0.376673
0.376673
0.377615
0.377615
0.37776
0.377905
0.377978
0.37805
0.378413
0.378558
0.378558
0.378558
0.378775
0.378848
0.378993
0.37921
0.379573
0.379718
0.37979
0.37979
0.380008
0.380008
0.380443
0.380443
0.380515
0.380588
0.380805
0.381023
0.381168
0.38124
0.38182
0.382255
0.382473
0.382545
0.382907
0.383125
0.383125
0.383342
0.383415
0.383415
0.383487
0.383777
0.383995
0.383995
0.38414
0.38414
0.384285
0.38443
0.38443
0.38443
0.384792
0.385082
0.385155
0.3853
0.385445
0.385517
0.38559
0.38559
0.38559
0.385735
0.385807
0.38588
0.38588
0.385952
0.386242
0.386242
0.386242
0.38646
0.386532
0.386605
0.386605
0.386895
0.386967
0.387185
0.387185
0.38733
0.38733
0.387402
0.387619
0.387764
0.388054
0.388199
0.388562
0.388562
0.388562
0.388634
0.388852
0.388997
0.389359
0.389432
0.389577
0.389577
0.389939
0.390229
0.390447
0.390664
0.390737
0.390809
0.390954
0.390954
0.391389
0.391752
0.391824
0.391824
0.391897
0.391897
0.392042
0.392187
0.392332
0.392549
0.392694
0.392839
0.392984
0.393129
0.393129
0.393201
0.393274
0.393274
0.393419
0.393636
0.393854
0.393999
0.393999
0.394071
0.394144
0.394216
0.394216
0.394216
0.394289
0.394506
0.394651
0.394651
0.394724
0.394724
0.394869
0.395304
0.395376
0.395449
0.395594
0.395956
0.395956
0.396174
0.396609
0.397406
0.397551
0.397696
0.397841
0.397986
0.398058
0.398058
0.398058
0.398276
0.398276
0.398711
0.399146
0.399508
0.399798
0.399871
0.399871
0.400016
0.400088
0.400233
0.400378
0.400596
0.400741
0.400886
0.400886
0.400958
0.401031
0.401176
0.401176
0.401176
0.401393
0.401611
0.401683
0.401756
0.401756
0.401901
0.402046
0.402118
0.402118
0.402118
0.402118
0.402626
0.402698
0.402698
0.402771
0.402843
0.40306
0.403278
0.403568
0.403858
0.404148
0.404293
0.404583
0.404655
0.404945
0.404945
0.405018
0.405163
0.405235
0.405235
0.405235
0.40538
0.405888
0.40596
0.406033
0.406178
0.40625
0.406468
0.40683
0.40712
0.40712
0.407193
0.40741
0.407628
0.40799
0.408135
0.408135
0.408352
0.408352
0.408425
0.40886
0.40915
0.40973
0.409802
0.409875
0.409947
0.41002
0.410165
0.4106
0.4106
0.410745
0.410745
0.410962
0.411107
0.411252
0.411325
0.411397
0.411397
0.411397
0.411397
0.41147
0.411687
0.411832
0.412195
0.412267
0.412485
0.412702
0.412775
0.41292
0.413282
0.413354
0.413427
0.413427
0.413499
0.413644
0.414007
0.414152
0.414369
0.414949
0.415022
0.415167
0.415167
0.415167
0.415239
0.415384
0.415457
0.415602
0.415602
0.415819
0.416037
0.416254
0.416472
0.416617
0.416834
0.416834
0.416907
0.417124
0.417269
0.417559
0.417704
0.418139
0.418211
0.418211
0.418284
0.418284
0.418429
0.418646
0.418791
0.418864
0.419154
0.419299
0.419444
0.419661
0.419661
0.419806
0.419806
0.420241
0.420604
0.420604
0.420604
0.420894
0.421111
0.421256
0.421691
0.421909
0.421981
0.422126
0.422271
0.422416
0.422416
0.422561
0.422706
0.422706
0.422924
0.423069
0.423214
0.423286
0.423431
0.424156
0.424228
0.424736
0.424881
0.425098
0.425243
0.425316
0.425388
0.425461
0.425461
0.425606
0.425751
0.425968
0.426041
0.426113
0.426476
0.426693
0.427056
0.427128
0.427273
0.427346
0.427346
0.427418
0.427708
0.427926
0.427998
0.427998
0.428071
0.428143
0.428288
0.42865
0.428723
0.428795
0.428868
0.428868
0.429738
0.42981
0.429883
0.429955
0.4301
0.430173
0.430463
0.430608
0.43068
0.43068
0.430898
0.431043
0.431043
0.431333
0.431478
0.431695
0.432058
0.432493
0.432565
0.432928
0.433
0.433218
0.433725
0.433725
0.433725
0.433797
0.43387
0.43387
0.434015
0.43445
0.43445
0.434522
0.434595
0.43474
0.43474
0.434812
0.434885
0.435102
0.435392
0.435465
0.43561
0.435827
0.436262
0.436407
0.43648
0.436915
0.436987
0.43706
0.437132
0.437132
0.437277
0.437495
0.437495
0.437785
0.43793
0.438075
0.43822
0.438654
0.438799
0.439089
0.439307
0.439307
0.439379
0.439524
0.439524
0.439524
0.439669
0.439814
0.439814
0.439887
0.440177
0.440322
0.440394
0.440684
0.440757
0.440829
0.440829
0.440974
0.441119
0.441119
0.441264
0.441554
0.441699
0.441699
0.441699
0.441917
0.441917
0.441989
0.442062
0.442207
0.442424
0.442642
0.442642
0.442859
0.442859
0.443004
0.443077
0.443149
0.443222
0.443367
0.443584
0.443729
0.443729
0.443729
0.443874
0.443946
0.443946
0.444019
0.444236
0.444381
0.444454
0.444454
0.444526
0.444816
0.444816
0.444889
0.444889
0.445034
0.445251
0.445324
0.445686
0.445976
0.445976
0.446049
0.446049
0.446194
0.446339
0.446339
0.446556
0.446701
0.446701
0.446774
0.446919
0.446919
0.446919
0.447209
0.447281
0.447499
0.447644
0.447644
0.447789
0.447861
0.448296
0.448296
0.448296
0.448296
0.448369
0.448514
0.448514
0.448876
0.449021
0.449093
0.449383
0.449383
0.449601
0.449601
0.449601
0.449673
0.449818
0.449891
0.449891
0.449963
0.450108
0.450181
0.450253
0.450906
0.451196
0.451196
0.451486
0.451776
0.452356
0.452428
0.453081
0.453153
0.453153
0.453371
0.453661
0.453806
0.453878
0.454023
0.454095
0.454095
0.45424
0.454458
0.45453
0.454603
0.454675
0.45482
0.454893
0.455038
0.455255
0.455473
0.455473
0.455835
0.455908
0.456125
0.45627
0.456488
0.456488
0.456705
0.456778
0.456778
0.456778
0.45685
0.457358
0.45772
0.45772
0.458083
0.458083
0.458373
0.458663
0.458735
0.458808
0.45888
0.459025
0.459025
0.459097
0.459315
0.45946
0.45946
0.459532
0.45975
0.45975
0.459822
0.459822
0.459967
0.460112
0.460112
0.460112
0.460257
0.46033
0.460475
0.460475
0.46062
0.460982
0.460982
0.461055
0.4612
0.461272
0.461417
0.46178
0.461852
0.461925
0.461997
0.46207
0.462215
0.46236
0.462505
0.462505
0.462577
0.462577
0.462795
0.463012
0.463302
0.463592
0.463665
0.463955
0.464244
0.464462
0.464607
0.464824
0.464969
0.465114
0.465259
0.465332
0.465404
0.465404
0.465477
0.465622
0.465767
0.465912
0.466274
0.466564
0.466564
0.466564
0.466637
0.466782
0.467144
0.467144
0.467507
0.467579
0.467724
0.468159
0.468377
0.468449
0.468667
0.468739
0.469102
0.469319
0.469971
0.470189
0.470406
0.470769
0.471059
0.471421
0.471711
0.472074
0.472074
0.472364
0.472436
0.472509
0.472654
0.472726
0.472944
0.473524
0.473669
0.473741
0.474176
0.474249
0.474538
0.474538
0.474683
0.474683
0.474683
0.474828
0.474828
0.474973
0.475046
0.475191
0.475336
0.475481
0.475626
0.475843
0.475843
0.476061
0.476351
0.476423
0.476641
0.476713
0.477003
0.477003
0.477583
0.477656
0.477656
0.477728
0.477801
0.478018
0.478018
0.478163
0.478163
0.478453
0.478671
0.478743
0.479033
0.479106
0.479106
0.479178
0.479323
0.47954
0.479613
0.479758
0.479903
0.479903
0.480193
0.480555
0.480773
0.480773
0.480845
0.481135
0.481208
0.481353
0.48157
0.481715
0.48186
0.482078
0.482223
0.482223
0.482295
0.48244
0.482803
0.482948
0.48331
0.48331
0.483455
0.483455
0.483455
0.483528
0.483745
0.483818
0.483963
0.484035
0.484035
0.48418
0.484325
0.484687
0.484687
0.484832
0.484977
0.48505
0.485122
0.485122
0.485122
0.485267
0.485412
0.485702
0.48592
0.485992
0.486065
0.48621
0.486355
0.486427
0.486427
0.48708
0.48708
0.48708
0.487152
0.488022
0.48824
0.488312
0.488312
0.48853
0.48853
0.488602
0.488675
0.488747
0.488892
0.489037
0.48911
0.489545
0.489762
0.489834
0.489907
0.490269
0.490414
0.490414
0.490487
0.490487
0.490704
0.490849
0.491284
0.491284
0.491647
0.491864
0.492082
0.492082
0.492372
0.492517
0.492517
0.492589
0.492662
0.492662
0.492807
0.493097
0.493459
0.493532
0.494257
0.494402
0.494474
0.494547
0.494764
0.494836
0.495054
0.495199
0.495271
0.495489
0.495489
0.495924
0.495924
0.496069
0.496214
0.496431
0.496431
0.496504
0.496721
0.496866
0.496866
0.497084
0.497229
0.497301
0.497519
0.497519
0.497519
0.497664
0.497664
0.497736
0.497736
0.497809
0.497809
0.497809
0.497954
0.498099
0.498244
0.498316
0.498606
0.498751
0.498824
0.499041
0.499114
0.499114
0.499186
0.499476
0.499549
0.499838
0.500636
0.500708
0.500853
0.500998
0.501143
0.501288
0.501433
0.501506
0.501651
0.502231
0.502376
0.502448
0.502666
0.502738
0.503028
0.503173
0.503173
0.503173
0.503246
0.503318
0.503391
0.503681
0.503898
0.504043
0.504116
0.504261
0.504333
0.504406
0.504768
0.504985
0.504985
0.505275
0.505275
0.505783
0.505783
0.505855
0.506145
0.50629
0.506363
0.506363
0.506943
0.507088
0.507305
0.507378
0.50745
0.507523
0.50774
0.507958
0.508175
0.50861
0.50861
0.508683
0.5089
0.508973
0.508973
0.509045
0.50948
0.509553
0.509625
0.509625
0.50977
0.51006
0.51006
0.510205
0.510205
0.510277
0.510567
0.510712
0.510712
0.511365
0.511437
0.51151
0.511655
0.511727
0.5118
0.511872
0.512017
0.51209
0.512235
0.51238
0.512742
0.512887
0.51296
0.51325
0.51325
0.513322
0.513322
0.513612
0.51383
0.513902
0.513902
0.514265
0.51441
0.514772
0.514917
0.515062
0.515714
0.515787
0.516004
0.516367
0.516367
0.516729
0.516874
0.516947
0.517092
0.517164
0.517237
0.517237
0.517382
0.517527
0.517672
0.517744
0.517817
0.517817
0.517962
0.518252
0.518832
0.518904
0.519267
0.519267
0.519339
0.519702
0.519774
0.519847
0.519919
0.519992
0.520209
0.520354
0.520571
0.521224
0.521804
0.522094
0.522094
0.522239
0.522311
0.522456
0.522674
0.522819
0.522819
0.522891
0.523254
0.523471
0.523544
0.523616
0.523616
0.523689
0.523761
0.524124
0.524631
0.524631
0.524849
0.525139
0.525428
0.525646
0.526226
0.526443
0.526661
0.526733
0.526806
0.526878
0.526951
0.526951
0.526951
0.528328
0.528473
0.528618
0.528981
0.529126
0.529198
0.529416
0.529561
0.529778
0.529851
0.529851
0.530286
0.530503
0.530648
0.530793
0.530793
0.5313
0.531373
0.531663
0.53188
0.532025
0.532025
0.53246
0.532605
0.532678
0.53275
0.533113
0.533113
0.533258
0.533403
0.53362
0.533693
0.53391
0.53391
0.533983
0.534055
0.534055
0.534128
0.534128
0.534998
0.534998
0.53536
0.535505
0.535505
0.535795
0.536157
0.53623
0.53623
0.536302
0.536302
0.536302
0.536375
0.536375
0.536447
0.53652
0.536665
0.5371
0.5371
0.537172
0.537317
0.537462
0.53797
0.538477
0.538912
0.538985
0.539057
0.539202
0.539275
0.539347
0.53942
0.539492
0.539565
0.539637
0.53971
0.539855
0.539855
0.539927
0.54
0.54
0.540072
0.540072
0.540145
0.540145
0.540217
0.540507
0.540724
0.540724
0.540797
0.541522
0.541812
0.541884
0.542247
0.542609
0.542609
0.542682
0.543552
0.543552
0.543624
0.544204
0.544349
0.544494
0.544567
0.544712
0.544712
0.545002
0.545147
0.545364
0.545726
0.546161
0.546234
0.546306
0.546379
0.546451
0.546524
0.546886
0.547031
0.547249
0.547321
0.547684
0.547829
0.547829
0.548046
0.548191
0.548264
0.548264
0.548481
0.548481
0.548481
0.548626
0.548989
0.549206
0.549279
0.549351
0.549351
0.549424
0.550004
0.550004
0.550004
0.550221
0.550511
0.550511
0.550801
0.550873
0.550873
0.550873
0.551018
0.551091
0.551236
0.551308
0.551671
0.552033
0.552106
0.552468
0.552541
0.552613
0.552686
0.552831
0.552903
0.553048
0.553411
0.553411
0.553628
0.554063
0.554136
0.554281
0.554426
0.554426
0.554716
0.554861
0.554861
0.554861
0.555296
0.555731
0.55602
0.556093
0.556165
0.556238
0.55631
0.556745
0.556818
0.556818
0.556963
0.556963
0.556963
0.557108
0.55747
0.557688
0.557905
0.558195
0.559065
0.559065
0.559283
0.55979
0.559863
0.559863
0.56008
0.560225
0.560225
0.56037
0.56066
0.560805
0.560805
0.561022
0.56124
0.56124
0.561312
0.561457
0.561602
0.561892
0.56211
0.562255
0.562327
0.562472
0.562472
0.562545
0.562545
0.562617
0.562762
0.562907
0.56298
0.56356
0.563632
0.563995
0.564285
0.56443
0.564575
0.564647
0.56472
0.564792
0.564937
0.564937
0.565227
0.566459
0.566604
0.566822
0.566967
0.567112
0.567547
0.567909
0.568054
0.568489
0.568924
0.568924
0.568924
0.568924
0.569359
0.569432
0.569649
0.569722
0.569867
0.570084
0.570737
0.571027
0.571099
0.571534
0.571606
0.571679
0.571679
0.571751
0.571751
0.571824
0.571824
0.571896
0.571969
0.572041
0.572114
0.572114
0.572621
0.572839
0.572984
0.573201
0.573491
0.573636
0.573781
0.573926
0.573999
0.574144
0.574434
0.574869
0.575304
0.575304
0.576101
0.576536
0.576753
0.576753
0.577551
0.577841
0.577986
0.577986
0.578058
0.578348
0.578421
0.578783
0.578783
0.578856
0.578928
0.579291
0.579363
0.579363
0.579943
0.580016
0.580233
0.580378
0.580451
0.580668
0.580813
0.581031
0.581321
0.581321
0.581538
0.581683
0.581683
0.581683
0.581973
0.58219
0.582335
0.58248
0.582988
0.582988
0.58306
0.58306
0.583278
0.583423
0.583495
0.58393
0.584003
0.584148
0.584293
0.584438
0.584655
0.5848
0.585018
0.58538
0.58538
0.585598
0.585743
0.58596
0.586105
0.586395
0.58654
0.586685
0.586902
0.587192
0.587265
0.58741
0.587482
0.587627
0.587772
0.58799
0.58799
0.588062
0.588135
0.58828
0.588425
0.588497
0.58857
0.588642
0.588787
0.588932
0.58915
0.589367
0.589367
0.589585
0.589585
0.589802
0.589875
0.589875
0.589947
0.590092
0.590962
0.59118
0.591325
0.591325
0.59147
0.591542
0.591687
0.591832
0.591977
0.592267
0.592339
0.592557
0.592629
0.592847
0.593064
0.593282
0.593499
0.593644
0.593789
0.593934
0.594079
0.594297
0.594297
0.594442
0.594442
0.594514
0.594587
0.594949
0.595022
0.595094
0.595167
0.595312
0.595312
0.595312
0.595529
0.596037
0.596109
0.596254
0.596327
0.596399
0.596399
0.596761
0.597051
0.597486
0.597704
0.597776
0.597776
0.597921
0.598356
0.598501
0.598791
0.598864
0.599299
0.599444
0.599951
0.600024
0.600096
0.600241
0.600241
0.600386
0.600531
0.600749
0.601256
0.601329
0.601763
0.601908
0.602053
0.602198
0.602343
0.602416
0.603141
0.603213
0.603431
0.603503
0.603576
0.603648
0.603721
0.603721
0.604083
0.604156
0.604301
0.604518
0.604953
0.604953
0.605388
0.605533
0.605606
0.605606
0.605678
0.606041
0.606186
0.606258
0.606258
0.606621
0.606766
0.606983
0.606983
0.607055
0.607055
0.607055
0.607273
0.607345
0.60749
0.607853
0.608288
0.608433
0.609013
0.609375
0.609448
0.609448
0.609593
0.609665
0.609955
0.610173
0.610318
0.61068
0.610753
0.610898
0.611115
0.611405
0.611478
0.61155
0.61184
0.611913
0.611913
0.612492
0.612637
0.61271
0.61271
0.612855
0.613217
0.613435
0.61358
0.61358
0.613652
0.613797
0.614087
0.614232
0.614885
0.614885
0.615465
0.615465
0.615465
0.615537
0.615537
0.615827
0.6159
0.615972
0.61619
0.61619
0.616335
0.616697
0.61677
0.61677
0.616842
0.616987
0.61706
0.61706
0.617349
0.617567
0.617712
0.618074
0.618074
0.618364
0.618364
0.618654
0.618872
0.619017
0.619234
0.619307
0.619307
0.619379
0.619452
0.619742
0.619887
0.619887
0.620104
0.620177
0.620249
0.620249
0.620249
0.620322
0.620757
0.620902
0.620902
0.620974
0.621119
0.621192
0.621264
0.621337
0.621554
0.621627
0.621699
0.621772
0.621844
0.622134
0.622134
0.622351
0.622641
0.622714
0.622714
0.623149
0.623294
0.623656
0.623874
0.624091
0.624381
0.624599
0.624744
0.624816
0.624961
0.625396
0.625469
0.625686
0.625759
0.626339
0.626484
0.626629
0.626701
0.627064
0.627136
0.627281
0.627353
0.627571
0.627933
0.628078
0.628441
0.628513
0.628658
0.628731
0.629021
0.629021
0.629093
0.629166
0.629238
0.629311
0.629383
0.629528
0.629601
0.629673
0.629673
0.630036
0.630036
0.630108
0.630181
0.630253
0.630833
0.630833
0.630906
0.631051
0.631123
0.631123
0.631558
0.631558
0.631703
0.631921
0.632283
0.632283
0.632645
0.632718
0.632863
0.633298
0.633298
0.633515
0.633588
0.63366
0.63366
0.633805
0.63395
0.63395
0.634023
0.634385
0.634675
0.634675
0.634748
0.634893
0.635183
0.635473
0.635763
0.635908
0.636415
0.636415
0.636488
0.636923
0.636995
0.637358
0.63772
0.637865
0.637937
0.63801
0.63801
0.638082
0.638082
0.638807
0.63888
0.639387
0.639387
0.63975
0.639822
0.640112
0.64033
0.64033
0.640475
0.6412
0.641345
0.641417
0.64149
0.641562
0.641562
0.642142
0.642142
0.642287
0.642577
0.642649
0.642867
0.642939
0.643084
0.643519
0.643954
0.644244
0.644244
0.644317
0.644969
0.645114
0.645332
0.645404
0.645622
0.646274
0.646274
0.646709
0.646854
0.647144
0.647144
0.647217
0.647434
0.647434
0.647507
0.647579
0.647941
0.647941
0.647941
0.648014
0.648086
0.648231
0.648449
0.648449
0.648521
0.648811
0.649029
0.649174
0.649319
0.649464
0.649464
0.649536
0.649681
0.649971
0.649971
0.649971
0.650044
0.650334
0.650551
0.650914
0.650986
0.651059
0.651059
0.651131
0.651131
0.651421
0.652219
0.652219
0.652291
0.652436
0.652581
0.653016
0.653306
0.654103
0.654393
0.654393
0.654611
0.655046
0.655698
0.655843
0.656496
0.657438
0.658308
0.65838
0.658453
0.658453
0.658598
0.65867
0.658815
0.659105
0.66012
0.66012
0.660193
0.660193
0.660338
0.660483
0.660555
0.6607
0.66099
0.661498
0.661788
0.662078
0.662295
0.662368
0.66244
0.662658
0.66273
0.6636
0.6636
0.663672
0.663672
0.663745
0.663745
0.66389
0.664325
0.66505
0.66505
0.665195
0.665267
0.665267
0.665775
0.66592
0.666065
0.666137
0.66621
0.666427
0.666427
0.6665
0.6665
0.666572
0.666717
0.66679
0.667152
0.667515
0.667515
0.667877
0.668384
0.668602
0.668819
0.668964
0.669254
0.669327
0.669834
0.670197
0.670197
0.670197
0.670487
0.670559
0.670922
0.670922
0.671284
0.671357
0.671502
0.671647
0.672009
0.672009
0.672082
0.672517
0.672807
0.672879
0.673314
0.673386
0.673459
0.673531
0.673531
0.673604
0.673676
0.673676
0.673966
0.674039
0.674401
0.674836
0.674909
0.675054
0.675126
0.675416
0.675706
0.675851
0.676721
0.676794
0.676794
0.676866
0.677011
0.677011
0.677156
0.677301
0.677519
0.677519
0.677591
0.677736
0.677954
0.677954
0.677954
0.678171
0.678171
0.678388
0.678388
0.678678
0.679041
0.679331
0.679403
0.679548
0.679983
0.680201
0.680273
0.680563
0.680781
0.681071
0.681216
0.681361
0.681723
0.681868
0.681941
0.682158
0.682521
0.682883
0.683101
0.683246
0.683318
0.683535
0.683825
0.684695
0.684695
0.68484
0.68484
0.685058
0.685058
0.685348
0.686
0.686145
0.68629
0.686435
0.686508
0.686725
0.686725
0.68687
0.687233
0.687668
0.687813
0.687813
0.687885
0.688175
0.688248
0.6889
0.6889
0.689117
0.689262
0.68948
0.68948
0.689625
0.689987
0.690132
0.69035
0.690422
0.690495
0.690567
0.690712
0.690857
0.690857
0.690857
0.691075
0.69122
0.691365
0.69151
0.692452
0.692525
0.692597
0.692742
0.69296
0.693395
0.693612
0.693902
0.694337
0.694989
0.695424
0.695424
0.695424
0.696222
0.696512
0.696584
0.696729
0.696802
0.696947
0.697019
0.697237
0.697309
0.697382
0.697527
0.697672
0.697962
0.698324
0.698469
0.698542
0.698614
0.698614
0.698904
0.698976
0.699266
0.699411
0.699629
0.699701
0.699701
0.699846
0.699991
0.700354
0.700499
0.700571
0.700716
0.701079
0.701224
0.701441
0.701586
0.701804
0.701804
0.702021
0.702311
0.702456
0.702529
0.702674
0.702746
0.702819
0.702891
0.703036
0.703326
0.703689
0.703833
0.704196
0.704486
0.704631
0.704848
0.705138
0.705211
0.705573
0.705646
0.705718
0.705718
0.706153
0.706226
0.706298
0.706298
0.706298
0.706371
0.706588
0.706588
0.707386
0.707458
0.707458
0.707676
0.707748
0.708256
0.708256
0.708328
0.708328
0.708401
0.70898
0.709198
0.709488
0.709923
0.709923
0.710068
0.710213
0.710793
0.710865
0.7113
0.711373
0.711445
0.711518
0.711663
0.711663
0.711735
0.712098
0.712388
0.71246
0.712823
0.713113
0.713475
0.713475
0.713548
0.71391
0.714055
0.714562
0.714925
0.714925
0.715432
0.71623
0.71623
0.716665
0.717535
0.717752
0.71797
0.71797
0.718187
0.71826
0.718405
0.718405
0.718622
0.718985
0.719057
0.719057
0.719709
0.719999
0.720289
0.720869
0.721232
0.721667
0.721667
0.721884
0.722174
0.722247
0.722319
0.722464
0.722754
0.722899
0.723044
0.723262
0.723987
0.723987
0.724132
0.724132
0.724349
0.724421
0.724856
0.724856
0.724929
0.724929
0.725436
0.725436
0.725581
0.725581
0.725654
0.725726
0.725871
0.726741
0.726886
0.726959
0.727176
0.727249
0.727249
0.727539
0.727829
0.728046
0.728554
0.729061
0.729278
0.729496
0.729641
0.730076
0.730148
0.730221
0.730293
0.730366
0.730511
0.730946
0.730946
0.731018
0.731018
0.731018
0.731163
0.731163
0.731236
0.731236
0.731308
0.731526
0.731888
0.732033
0.732178
0.732396
0.732541
0.732686
0.732831
0.733628
0.734063
0.734063
0.734136
0.734136
0.734281
0.734353
0.734425
0.734643
0.734788
0.73515
0.73515
0.735368
0.735948
0.736093
0.736383
0.736528
0.7366
0.73689
0.73718
0.737543
0.738123
0.738195
0.73834
0.738485
0.738558
0.73863
0.73892
0.739138
0.73921
0.73921
0.739283
0.7395
0.739717
0.74008
0.740297
0.740515
0.74066
0.740877
0.741892
0.742037
0.742472
0.742835
0.74298
0.743197
0.743342
0.743487
0.743487
0.74356
0.743777
0.74385
0.744212
0.744502
0.744574
0.744647
0.744647
0.744719
0.745009
0.745082
0.745227
0.745517
0.745517
0.745517
0.745734
0.745952
0.746169
0.746169
0.746242
0.746314
0.746387
0.746894
0.746967
0.747039
0.747039
0.747257
0.747764
0.747837
0.747909
0.747909
0.747909
0.748054
0.748054
0.748634
0.748634
0.748707
0.748997
0.748997
0.749577
0.749577
0.749577
0.749721
0.750156
0.750229
0.750446
0.750809
0.750809
0.750954
0.751099
0.751171
0.751244
0.751534
0.751534
0.751679
0.751824
0.751896
0.752766
0.752766
0.752766
0.752984
0.753056
0.753346
0.753491
0.753491
0.753564
0.753781
0.753781
0.753854
0.754071
0.754216
0.754216
0.754289
0.754361
0.754651
0.754651
0.754868
0.754941
0.755086
0.755158
0.755303
0.755376
0.755883
0.756028
0.756028
0.756173
0.756246
0.756318
0.756318
0.756318
0.756463
0.756463
0.756536
0.756898
0.756971
0.757333
0.757406
0.757406
0.757551
0.757841
0.757986
0.758348
0.758638
0.758638
0.758928
0.759291
0.759653
0.75987
0.76016
0.76016
0.760305
0.760305
0.76045
0.760523
0.760885
0.761248
0.761248
0.761248
0.7619
0.761973
0.762045
0.762118
0.762335
0.762335
0.762335
0.762553
0.76277
0.763278
0.763858
0.76393
0.764075
0.764293
0.764438
0.764438
0.76451
0.764728
0.764728
0.764945
0.765162
0.765525
0.76567
0.76567
0.766105
0.766395
0.76654
0.767047
0.76712
0.767482
0.767555
0.768062
0.768062
0.768425
0.769295
0.769367
0.76944
0.77002
0.770237
0.770237
0.770527
0.770962
0.771179
0.771324
0.771324
0.771397
0.771832
0.771904
0.772339
0.772412
0.772484
0.772919
0.773354
0.773354
0.773644
0.773862
0.774079
0.774514
0.774587
0.774587
0.775022
0.775239
0.775456
0.775674
0.776471
0.776544
0.776689
0.777196
0.777341
0.777341
0.777631
0.777704
0.777776
0.777849
0.778284
0.778719
0.778864
0.778936
0.779009
0.779081
0.779226
0.779371
0.780603
0.780748
0.781256
0.781473
0.782053
0.782198
0.782778
0.783213
0.783431
0.783431
0.783793
0.783866
0.783866
0.784373
0.784446
0.784736
0.784736
0.784808
0.784881
0.78546
0.785823
0.78604
0.78604
0.786403
0.786693
0.786765
0.786983
0.787055
0.787273
0.78749
0.787635
0.787635
0.78778
0.787853
0.787998
0.788143
0.788215
0.788288
0.788578
0.788868
0.789013
0.789013
0.789448
0.789448
0.789593
0.78981
0.790028
0.790028
0.7901
0.790245
0.790318
0.790535
0.790535
0.790752
0.79097
0.791115
0.79126
0.79155
0.791622
0.791695
0.791767
0.79184
0.791912
0.792347
0.79242
0.79242
0.792492
0.79271
0.793072
0.793072
0.793145
0.793362
0.79387
0.794087
0.794232
0.794377
0.794522
0.794667
0.794667
0.79474
0.794957
0.795247
0.795465
0.795682
0.795827
0.796624
0.796624
0.796624
0.797784
0.797784
0.797857
0.797857
0.798002
0.798219
0.798292
0.798437
0.799234
0.799307
0.799887
0.799959
0.800467
0.800612
0.800684
0.800901
0.800974
0.801046
0.801264
0.801771
0.801916
0.802061
0.802279
0.802424
0.802714
0.803004
0.803004
0.803294
0.803584
0.803584
0.804019
0.804744
0.804816
0.805034
0.805686
0.805758
0.807208
0.807643
0.807861
0.807861
0.807933
0.808151
0.808223
0.808658
0.808731
0.808803
0.808803
0.809093
0.809746
0.809818
0.810108
0.810253
0.810398
0.810471
0.810543
0.810761
0.810978
0.811413
0.812065
0.812138
0.8125
0.812645
0.812935
0.813225
0.813443
0.813588
0.813733
0.813878
0.81395
0.81453
0.81453
0.814748
0.815328
0.8154
0.815618
0.815618
0.815908
0.815908
0.816052
0.81627
0.816415
0.81656
0.81656
0.81656
0.817067
0.817285
0.817792
0.817937
0.818082
0.8183
0.81859
0.81888
0.819387
0.819532
0.819605
0.819967
0.82004
0.820257
0.820402
0.82062
0.821127
0.821272
0.822142
0.822359
0.822432
0.822722
0.823012
0.823084
0.823084
0.823229
0.823229
0.823302
0.823374
0.823374
0.823374
0.823737
0.823954
0.824389
0.824752
0.825187
0.825259
0.825259
0.825549
0.825912
0.826491
0.827144
0.827216
0.827506
0.827579
0.828159
0.828231
0.828231
0.828304
0.828449
0.828594
0.828956
0.829319
0.829319
0.829319
0.830189
0.830334
0.830406
0.830479
0.830479
0.830479
0.830479
0.831059
0.831204
0.831204
0.831348
0.831348
0.831711
0.832073
0.832146
0.832291
0.832436
0.832798
0.832798
0.833088
0.833233
0.833596
0.833668
0.834321
0.834538
0.834611
0.834683
0.835046
0.835336
0.835481
0.835698
0.835916
0.835988
0.836133
0.836713
0.83693
0.83693
0.837075
0.837148
0.837293
0.837365
0.837438
0.838018
0.83838
0.83867
0.83896
0.839033
0.839033
0.83925
0.839613
0.839613
0.839613
0.839758
0.839758
0.839975
0.840265
0.840338
0.840483
0.8407
0.841353
0.841425
0.841497
0.841715
0.842802
0.842802
0.842802
0.842875
0.842875
0.842947
0.84302
0.843092
0.843165
0.843165
0.843237
0.84331
0.843382
0.843455
0.843455
0.8436
0.843962
0.844107
0.844107
0.84418
0.84447
0.845267
0.84534
0.845412
0.845775
0.845847
0.84592
0.846137
0.84621
0.846572
0.847369
0.847587
0.847659
0.848094
0.848167
0.848529
0.848602
0.848674
0.849399
0.849544
0.849689
0.849689
0.850704
0.850994
0.851284
0.851502
0.851646
0.851646
0.852081
0.852516
0.852806
0.852806
0.852879
0.853096
0.853676
0.853821
0.854111
0.854184
0.854764
0.854981
0.855126
0.855416
0.856069
0.856141
0.856938
0.857228
0.857518
0.857663
0.857808
0.857881
0.857881
0.857953
0.858243
0.858968
0.859548
0.859693
0.859911
0.859911
0.860273
0.860346
0.861216
0.861288
0.861506
0.862158
0.862448
0.862665
0.862738
0.863245
0.86339
0.863608
0.863608
0.864043
0.86426
0.864623
0.864623
0.864768
0.864768
0.865058
0.865203
0.865203
0.865638
0.865783
0.866073
0.86629
0.866725
0.86716
0.86745
0.867812
0.867885
0.868247
0.868247
0.869045
0.869625
0.871365
0.871582
0.8718
0.871872
0.872162
0.872669
0.873539
0.873612
0.873612
0.873612
0.873829
0.874047
0.874989
0.875134
0.875497
0.875787
0.876077
0.876077
0.876439
0.876512
0.876512
0.876657
0.876802
0.877019
0.877236
0.877381
0.878541
0.878759
0.878831
0.878904
0.878976
0.879121
0.879266
0.879411
0.879411
0.879629
0.881369
0.881731
0.881731
0.881804
0.881876
0.882021
0.882166
0.882456
0.882528
0.882746
0.882746
0.883326
0.883543
0.883616
0.884123
0.884196
0.884341
0.884341
0.884341
0.884341
0.884921
0.884993
0.885863
0.886081
0.886226
0.886806
0.887023
0.887313
0.887748
0.88811
0.888183
0.888255
0.888255
0.888545
0.88869
0.88927
0.889488
0.889633
0.88985
0.890213
0.890213
0.890358
0.890793
0.891083
0.891663
0.891663
0.891735
0.891953
0.892315
0.892388
0.89246
0.892895
0.89304
0.893112
0.893257
0.893765
0.894055
0.894127
0.894345
0.89507
0.895142
0.895287
0.89536
0.895867
0.897245
0.897462
0.898259
0.898259
0.898332
0.898694
0.899637
0.899927
0.900072
0.900434
0.900652
0.900724
0.900942
0.901377
0.901449
0.901594
0.901884
0.902174
0.902319
0.902609
0.902754
0.903044
0.903189
0.903189
0.903406
0.903769
0.903841
0.903986
0.904494
0.904639
0.905436
0.905509
0.905871
0.906016
0.906016
0.906161
0.906234
0.906451
0.906669
0.906669
0.906886
0.907031
0.907176
0.907611
0.907611
0.908118
0.908336
0.908408
0.908626
0.908626
0.908698
0.908843
0.908988
0.909278
0.909496
0.909786
0.909931
0.910221
0.910221
0.910293
0.910656
0.910656
0.911091
0.911453
0.911526
0.911526
0.911961
0.912033
0.912396
0.912975
0.913048
0.913193
0.91341
0.914063
0.914353
0.914788
0.915005
0.915223
0.915875
0.91602
0.91602
0.916165
0.916455
0.916528
0.916528
0.917325
0.917543
0.917905
0.91805
0.91863
0.918775
0.919427
0.919427
0.919427
0.9195
0.92037
0.920442
0.92124
0.921385
0.921892
0.921965
0.922182
0.922255
0.922617
0.922617
0.92298
0.923124
0.923269
0.924067
0.924067
0.924284
0.924574
0.924574
0.925082
0.925082
0.925227
0.925227
0.926604
0.926677
0.926894
0.928127
0.928344
0.928344
0.928416
0.928489
0.928706
0.928924
0.928924
0.928924
0.929069
0.929504
0.929866
0.929939
0.930736
0.931679
0.931751
0.931824
0.931896
0.932259
0.932331
0.932404
0.932476
0.932621
0.932694
0.932694
0.932766
0.932911
0.933636
0.933998
0.934361
0.935303
0.935303
0.935376
0.935738
0.936463
0.936463
0.936463
0.936608
0.936826
0.936971
0.936971
0.937188
0.937696
0.937696
0.938203
0.93842
0.938928
0.939
0.939218
0.93929
0.939653
0.939725
0.939798
0.940088
0.940088
0.940233
0.940595
0.940668
0.941175
0.94161
0.942408
0.94248
0.942843
0.943133
0.94364
0.94393
0.94393
0.944147
0.94422
0.94422
0.944437
0.9448
0.944945
0.945017
0.945017
0.945307
0.945597
0.94596
0.946032
0.946322
0.946612
0.946757
0.94683
0.947047
0.947337
0.948642
0.948642
0.948859
0.949294
0.949439
0.949584
0.949657
0.949657
0.950019
0.950382
0.950454
0.951397
0.951759
0.951977
0.952412
0.952484
0.952992
0.953209
0.953282
0.953716
0.955384
0.955529
0.955819
0.955891
0.956326
0.957124
0.957414
0.957704
0.958066
0.958356
0.958429
0.958646
0.959008
0.959153
0.959298
0.959298
0.959371
0.959588
0.959878
0.960096
0.960241
0.960458
0.960748
0.961183
0.961183
0.961401
0.961691
0.962126
0.962561
0.962561
0.963213
0.964228
0.964518
0.964518
0.964663
0.964808
0.96546
0.965605
0.965895
0.966693
0.967055
0.9672
0.967345
0.967345
0.967925
0.968143
0.96865
0.96865
0.968868
0.96923
0.969955
0.969955
0.970027
0.970172
0.970172
0.97126
0.971695
0.971985
0.97213
0.972782
0.972782
0.973
0.973362
0.973435
0.97358
0.973725
0.973797
0.97387
0.974377
0.974594
0.974739
0.974812
0.975392
0.975537
0.975609
0.975682
0.975754
0.976262
0.977349
0.977422
0.977639
0.977784
0.977857
0.978074
0.978147
0.978509
0.979161
0.980321
0.980394
0.980466
0.980466
0.980974
0.981554
0.981626
0.981699
0.981699
0.982206
0.982351
0.982569
0.982641
0.982786
0.982931
0.982931
0.983294
0.983366
0.983511
0.983729
0.983729
0.983801
0.984019
0.984019
0.984308
0.984671
0.984743
0.984816
0.985541
0.985613
0.985831
0.985976
0.986266
0.986628
0.986773
0.986846
0.987281
0.987426
0.987643
0.987643
0.988006
0.988223
0.988296
0.988513
0.989021
0.9896
0.990035
0.99047
0.990543
0.991123
0.991195
0.991268
0.991703
0.991993
0.992065
0.99221
0.992283
0.992283
0.992645
0.992863
0.993443
0.993733
0.993878
0.994313
0.99482
0.994965
0.994965
0.995617
0.99569
0.995762
0.995907
0.996052
0.996415
0.99685
0.996922
0.99714
0.997502
0.997502
0.997792
0.99801
0.998082
0.998227
0.998227
0.9983
0.998372
0.99859
0.998952
0.999749
1.00011
1.00026
1.00076
1.00084
1.00091
1.00091
1.00091
1.00113
1.0012
1.002
1.00221
1.00229
1.00301
1.00301
1.00301
1.00352
1.00359
1.00359
1.00468
1.0049
1.00504
1.00526
1.00533
1.00598
1.00606
1.00613
1.0062
1.00649
1.00664
1.007
1.007
1.00736
1.00758
1.00765
1.00772
1.00809
1.00845
1.00925
1.00961
1.00975
1.01019
1.01099
1.0112
1.0112
1.0112
1.01135
1.01157
1.01222
1.01251
1.01273
1.01331
1.01338
1.01396
1.0141
1.01425
1.01439
1.01563
1.0157
1.01577
1.01613
1.01729
1.01773
1.01816
1.01838
1.01853
1.01874
1.01947
1.01969
1.02034
1.02055
1.02121
1.02164
1.02244
1.02266
1.0228
1.02403
1.02411
1.02411
1.02418
1.02418
1.0244
1.02447
1.02519
1.02614
1.02628
1.02664
1.02664
1.02708
1.02722
1.02802
1.02896
1.02925
1.02933
1.02933
1.02947
1.02954
1.02991
1.03012
1.03041
1.03085
1.03092
1.03092
1.03128
1.03143
1.03157
1.03186
1.03186
1.03201
1.03273
1.03288
1.0331
1.03317
1.03462
1.03476
1.03484
1.03505
1.0352
1.03629
1.03643
1.03658
1.03665
1.03687
1.03723
1.03723
1.0373
1.0373
1.03774
1.0381
1.03882
1.03962
1.03969
1.03977
1.03977
1.03984
1.04035
1.04071
1.04129
1.04136
1.04172
1.04194
1.04397
1.04419
1.04426
1.04441
1.04506
1.04513
1.04542
1.04564
1.04658
1.04658
1.0468
1.04687
1.04687
1.04701
1.04709
1.04723
1.04803
1.04825
1.04825
1.04839
1.04875
1.04897
1.04912
1.04948
1.04955
1.04977
1.04984
1.04991
1.05064
1.05078
1.05158
1.0518
1.05194
1.05209
1.05223
1.05245
1.05245
1.05267
1.05332
1.05376
1.05397
1.05441
1.0547
1.0547
1.05528
1.05731
1.05731
1.05745
1.05774
1.05818
1.0584
1.05883
1.0589
1.05927
1.05956
1.06057
1.06079
1.06101
1.06108
1.06144
1.06217
1.06224
1.06275
1.06311
1.06311
1.06318
1.06383
1.06405
1.06412
1.06434
1.06463
1.06485
1.06485
1.06492
1.06507
1.06528
1.06565
1.06572
1.06659
1.06666
1.06666
1.06681
1.06826
1.06833
1.0684
1.06847
1.06884
1.06884
1.06898
1.0692
1.06942
1.07007
1.07021
1.07021
1.07058
1.0713
1.07188
1.07224
1.07333
1.07347
1.07355
1.07362
1.07434
1.07485
1.07492
1.075
1.075
1.07572
1.07623
1.07637
1.07681
1.07688
1.07695
1.07703
1.07768
1.07804
1.07811
1.07811
1.0784
1.07869
1.07877
1.07891
1.07985
1.08065
1.0808
1.0808
1.0813
1.08152
1.08167
1.08203
1.08239
1.08283
1.0829
1.08442
1.08471
1.08478
1.08493
1.085
1.08536
1.08551
1.08565
1.08573
1.08609
1.08689
1.08689
1.08747
1.08776
1.08855
1.08855
1.08877
1.0895
1.08957
1.09044
1.09095
1.09095
1.09109
1.09116
1.09124
1.09131
1.09145
1.09189
1.09189
1.09203
1.09211
1.09225
1.09247
1.09254
1.09261
1.09341
1.09363
1.09435
1.09479
1.0953
1.09551
1.09588
1.09588
1.09609
1.09645
1.09696
1.09703
1.09747
1.09769
1.09935
1.09979
1.09979
1.10044
1.10117
1.10124
1.10124
1.10131
1.10182
1.10233
1.10291
1.1032
1.10356
1.1037
1.10378
1.10457
1.10486
1.10501
1.10508
1.10595
1.1061
1.1066
1.10697
1.10733
1.10813
1.10834
1.10958
1.10979
1.10979
1.1103
1.11052
1.11095
1.11095
1.11153
1.11175
1.11219
1.11233
1.11255
1.11269
1.11291
1.11291
1.1132
1.11327
1.11335
1.11378
1.11378
1.11385
1.11422
1.11472
1.11509
1.11509
1.11574
1.11588
1.11625
1.11675
1.1169
1.11712
1.11741
1.11791
1.11849
1.11878
1.11886
1.11886
1.11893
1.11915
1.11915
1.11965
1.11987
1.11994
1.12016
1.12023
1.12125
1.12125
1.12212
1.12212
1.12306
1.12313
1.12335
1.12378
1.12415
1.12451
1.12473
1.12516
1.1256
1.1256
1.12581
1.12596
1.12632
1.12639
1.12654
1.12676
1.12697
1.12712
1.12813
1.12857
1.12879
1.12886
1.12893
1.12908
1.12922
1.1298
1.12987
1.12987
1.12987
1.13002
1.13031
1.13045
1.13103
1.13176
1.13183
1.13335
1.13335
1.13372
1.13459
1.13459
1.13531
1.13553
1.13567
1.13567
1.13582
1.13691
1.13807
1.13836
1.13923
1.13973
1.1406
1.14082
1.14089
1.14111
1.14118
1.14155
1.14169
1.14169
1.14176
1.14176
1.14184
1.14198
1.14234
1.14249
1.143
1.14314
1.14503
1.14524
1.14655
1.14691
1.14821
1.14858
1.14923
1.14952
1.14966
1.14974
1.14981
1.14981
1.15046
1.15053
1.1522
1.15285
1.15293
1.15307
1.15322
1.15336
1.15343
1.15394
1.1543
1.1543
1.15517
1.15517
1.15539
1.1559
1.15597
1.15626
1.15626
1.1572
1.15742
1.15778
1.15836
1.15844
1.15851
1.15916
1.15916
1.15938
1.1596
1.15981
1.15989
1.16025
1.16032
1.16061
1.16076
1.1609
1.16097
1.16141
1.16155
1.16184
1.16264
1.16279
1.16293
1.16322
1.16402
1.16402
1.16438
1.16438
1.16453
1.16453
1.1646
1.16489
1.16489
1.16547
1.16569
1.16576
1.16576
1.16583
1.16605
1.16634
1.16692
1.16793
1.16793
1.16822
1.1683
1.1683
1.16909
1.16924
1.16938
1.16938
1.16953
1.16967
1.16967
1.16982
1.17018
1.17033
1.17047
1.17149
1.17156
1.17156
1.17185
1.17207
1.17279
1.17322
1.17344
1.17359
1.17409
1.17489
1.17533
1.17554
1.17554
1.17562
1.17627
1.17649
1.17649
1.17678
1.17692
1.17699
1.17743
1.1775
1.17779
1.17873
1.17895
1.1796
1.17982
1.18004
1.18084
1.18185
1.18272
1.18279
1.18294
1.18497
1.18533
1.18577
1.18642
1.18743
1.1883
1.18845
1.18954
1.18968
1.19012
1.19026
1.19062
1.19128
1.19135
1.19294
1.19316
1.19323
1.19396
1.19403
1.1941
1.19432
1.19432
1.19461
1.19497
1.19526
1.19541
1.19541
1.19628
1.19679
1.19729
1.19737
1.19744
1.19744
1.19838
1.19845
1.1991
1.202
1.20266
1.20345
1.20345
1.20353
1.20396
1.20454
1.20461
1.20476
1.20483
1.20519
1.20534
1.20534
1.20541
1.20635
1.20679
1.20701
1.20701
1.20701
1.20708
1.20722
1.20831
1.20831
1.20867
1.20875
1.2094
1.20954
1.20962
1.20998
1.21085
1.21099
1.21107
1.21114
1.21172
1.21324
1.21339
1.2136
1.21389
1.21476
1.21491
1.21505
1.21505
1.21578
1.21585
1.21592
1.21665
1.21665
1.21781
1.21788
1.21817
1.21824
1.21853
1.21904
1.21911
1.21911
1.2194
1.22006
1.22093
1.221
1.22267
1.22375
1.22383
1.2239
1.22411
1.22426
1.22433
1.22433
1.2244
1.2244
1.22506
1.22513
1.22513
1.22614
1.22701
1.22752
1.22796
1.22796
1.22846
1.22962
1.23028
1.23042
1.231
1.2318
1.23434
1.23441
1.23441
1.2347
1.23484
1.23499
1.23513
1.23528
1.23535
1.23557
1.23557
1.23564
1.236
1.23644
1.23651
1.23673
1.23731
1.23738
1.23782
1.23811
1.23876
1.23912
1.23934
1.2397
1.24021
1.24028
1.24072
1.24108
1.24115
1.24137
1.24195
1.24282
1.24333
1.24362
1.24376
1.24398
1.24398
1.2442
1.24463
1.24463
1.24485
1.24514
1.24536
1.24579
1.24586
1.24608
1.24681
1.24717
1.2476
1.24768
1.24789
1.24862
1.24913
1.24949
1.2497
1.25057
1.25065
1.25094
1.25123
1.2513
1.25152
1.25166
1.25188
1.25195
1.2526
1.25268
1.25369
1.2542
1.2555
1.25558
1.25695
1.25753
1.25753
1.25753
1.25797
1.25833
1.25935
1.25964
1.25978
1.26058
1.26065
1.26181
1.26181
1.2621
1.26254
1.26261
1.26268
1.2629
1.26304
1.26326
1.26355
1.26355
1.26435
1.26442
1.26565
1.26573
1.26623
1.26674
1.26689
1.2671
1.26754
1.26768
1.26776
1.2679
1.26812
1.26819
1.26841
1.26899
1.26964
1.26993
1.27008
1.27037
1.27051
1.27232
1.2724
1.27276
1.27435
1.27551
1.27587
1.27609
1.27624
1.27631
1.27631
1.27682
1.27732
1.2774
1.27805
1.2787
1.27877
1.27928
1.27986
1.2803
1.28037
1.28051
1.28066
1.28095
1.28225
1.28233
1.28254
1.28283
1.28312
1.28356
1.28385
1.2845
1.28486
1.2853
1.28588
1.28588
1.28617
1.28639
1.28653
1.2866
1.28668
1.28747
1.28755
1.28776
1.28791
1.28834
1.28892
1.28892
1.28936
1.28943
1.28972
1.29045
1.29088
1.29153
1.29226
1.29284
1.29364
1.29393
1.29393
1.29501
1.29516
1.29545
1.29596
1.29646
1.2969
1.29719
1.29719
1.29741
1.29777
1.29784
1.29791
1.29813
1.29849
1.29857
1.29864
1.29922
1.29929
1.29944
1.29965
1.2998
1.30074
1.30183
1.30204
1.30277
1.30284
1.30299
1.30313
1.3032
1.30386
1.30465
1.30502
1.30509
1.30538
1.30538
1.30552
1.3069
1.30726
1.30799
1.30821
1.30828
1.30835
1.30835
1.3085
1.30857
1.30864
1.30915
1.30922
1.30951
1.30987
1.31024
1.31089
1.31096
1.31183
1.31256
1.3135
1.31393
1.31488
1.31502
1.31567
1.31567
1.31582
1.31633
1.31647
1.31705
1.31785
1.31872
1.31894
1.31908
1.32017
1.32089
1.3214
1.32147
1.32285
1.32307
1.32343
1.3243
1.3243
1.3243
1.32437
1.32445
1.32452
1.32452
1.32546
1.32575
1.32582
1.32597
1.32604
1.32611
1.32633
1.32669
1.32669
1.32684
1.32756
1.32778
1.32807
1.32814
1.32843
1.32865
1.32923
1.33082
1.3309
1.33162
1.33242
1.33271
1.33293
1.333
1.33307
1.33365
1.33372
1.33372
1.33372
1.33416
1.33438
1.33474
1.33481
1.33488
1.3359
1.33655
1.3367
1.33684
1.3372
1.33735
1.33764
1.33836
1.33844
1.33858
1.33894
1.33938
1.33989
1.33989
1.3401
1.34047
1.34308
1.34322
1.34373
1.34409
1.34431
1.34467
1.34525
1.34554
1.34561
1.34583
1.34583
1.34663
1.34677
1.34714
1.34764
1.34772
1.34786
1.34822
1.34909
1.34938
1.3496
1.34967
1.34975
1.35091
1.35105
1.35148
1.35177
1.35264
1.35286
1.35308
1.3533
1.35482
1.35482
1.35511
1.35518
1.35533
1.35598
1.35598
1.35605
1.35692
1.35692
1.35699
1.35707
1.35714
1.35721
1.35844
1.35895
1.35902
1.35939
1.35953
1.36026
1.3612
1.36149
1.36192
1.36214
1.3625
1.36316
1.3633
1.36395
1.3641
1.36519
1.36519
1.36548
1.36584
1.36606
1.36606
1.36613
1.36627
1.36627
1.36635
1.36664
1.36809
1.36859
1.36859
1.36896
1.37113
1.37186
1.37229
1.37236
1.37244
1.37287
1.37345
1.3736
1.37396
1.3741
1.37432
1.37454
1.37483
1.37497
1.37621
1.37657
1.37707
1.37707
1.3778
1.37802
1.37823
1.37845
1.37925
1.37947
1.3799
1.38077
1.38142
1.38193
1.38229
1.38396
1.38425
1.38432
1.38498
1.38548
1.3857
1.38577
1.38657
1.38672
1.38773
1.38802
1.38896
1.38933
1.38969
1.38998
1.39128
1.39194
1.39201
1.39288
1.3936
1.39389
1.39447
1.39476
1.39513
1.39556
1.39585
1.39614
1.39614
1.39846
1.39875
1.39904
1.39919
1.39969
1.40006
1.40006
1.4002
1.401
1.40274
1.40317
1.40484
1.40484
1.4052
1.40556
1.40578
1.40643
1.40658
1.40658
1.40687
1.40709
1.4073
1.40745
1.40752
1.40825
1.40839
1.40854
1.40948
1.40955
1.41093
1.41194
1.41194
1.41202
1.41202
1.41252
1.41325
1.41376
1.41463
1.41484
1.41542
1.4155
1.41557
1.41557
1.41622
1.4168
1.41702
1.41702
1.41738
1.41738
1.41861
1.41869
1.41876
1.41876
1.41956
1.41963
1.42093
1.42275
1.42296
1.42485
1.42507
1.42514
1.42514
1.42528
1.4255
1.42586
1.42586
1.42601
1.42623
1.42652
1.42681
1.42717
1.42753
1.42833
1.4284
1.42883
1.42956
1.43014
1.43108
1.4313
1.43173
1.43195
1.43217
1.43253
1.4326
1.43289
1.43297
1.43304
1.43318
1.4342
1.43514
1.43536
1.43587
1.43616
1.43652
1.43659
1.43724
1.43746
1.43775
1.43898
1.43906
1.43993
1.44029
1.44072
1.44087
1.44123
1.44145
1.44152
1.44181
1.44188
1.44203
1.44203
1.44297
1.44319
1.44319
1.44355
1.44377
1.44399
1.44428
1.44544
1.44551
1.44602
1.44623
1.44718
1.44761
1.44783
1.44819
1.44848
1.44884
1.44899
1.45008
1.45015
1.45073
1.45138
1.45319
1.45327
1.45334
1.45435
1.45435
1.45442
1.45537
1.45544
1.4558
1.45609
1.45645
1.45682
1.45689
1.45819
1.45993
1.46001
1.46044
1.46059
1.46146
1.4616
1.46225
1.46276
1.46291
1.4632
1.46385
1.46443
1.4653
1.46552
1.46581
1.46617
1.46631
1.46798
1.46827
1.46834
1.46842
1.46878
1.46885
1.46929
1.46929
1.4695
1.46958
1.46965
1.4703
1.47052
1.47175
1.47226
1.47291
1.47335
1.47349
1.47349
1.47414
1.47697
1.47733
1.47733
1.47777
1.47813
1.47828
1.47878
1.47943
1.47958
1.47972
1.47994
1.48088
1.48088
1.4811
1.48161
1.48219
1.48219
1.48248
1.48291
1.48306
1.48371
1.48415
1.48422
1.48422
1.48429
1.48465
1.48487
1.48516
1.48552
1.48835
1.48915
1.48944
1.49002
1.49009
1.49045
1.49053
1.49067
1.49132
1.49183
1.4919
1.49248
1.49256
1.4927
1.4927
1.49277
1.49451
1.49473
1.49517
1.49618
1.49712
1.4972
1.49734
1.49756
1.49778
1.49857
1.49901
1.49923
1.49937
1.49995
1.5001
1.50118
1.50126
1.50278
1.50292
1.50495
1.50539
1.5056
1.50691
1.50705
1.50763
1.50843
1.5085
1.50887
1.51075
1.51235
1.51264
1.51293
1.51293
1.513
1.51314
1.51351
1.51365
1.5138
1.51394
1.51416
1.51525
1.51554
1.51604
1.51612
1.51648
1.51887
1.51931
1.52032
1.52264
1.52271
1.52308
1.52329
1.52337
1.52344
1.52344
1.52358
1.52402
1.52416
1.52634
1.52685
1.52685
1.52692
1.52772
1.52859
1.52917
1.52931
1.52938
1.5304
1.53054
1.53148
1.53156
1.53163
1.53199
1.53293
1.53293
1.53293
1.53351
1.53366
1.53395
1.53424
1.53438
1.53554
1.53598
1.53612
1.53721
1.53794
1.53815
1.53844
1.53939
1.53946
1.53953
1.53982
1.54055
1.54214
1.54272
1.54279
1.54337
1.54366
1.54453
1.54526
1.54584
1.54613
1.54642
1.54649
1.54678
1.54736
1.54743
1.54838
1.54859
1.54917
1.54925
1.54939
1.54997
1.55019
1.55033
1.55193
1.552
1.55244
1.55273
1.55367
1.55432
1.55432
1.55454
1.55505
1.55519
1.55686
1.55715
1.55787
1.55816
1.55838
1.55881
1.55889
1.5591
1.55983
1.55983
1.56005
1.56077
1.56186
1.56186
1.56229
1.56244
1.56382
1.56389
1.56461
1.56476
1.56483
1.56498
1.56512
1.56512
1.56519
1.56577
1.56585
1.5665
1.5678
1.5678
1.56831
1.56882
1.56904
1.56933
1.56954
1.56969
1.56976
1.56998
1.57056
1.57056
1.57085
1.57099
1.57114
1.57128
1.57194
1.57237
1.57244
1.5731
1.57353
1.57462
1.57469
1.57476
1.576
1.57694
1.57766
1.57781
1.57861
1.57926
1.57984
1.58006
1.58035
1.58042
1.58129
1.58266
1.58346
1.58353
1.58375
1.58462
1.58469
1.58535
1.58571
1.586
1.58607
1.58658
1.58665
1.58694
1.58752
1.58759
1.58781
1.58832
1.58846
1.58854
1.58861
1.58904
1.58904
1.58948
1.58955
1.59049
1.59057
1.59064
1.591
1.59158
1.59165
1.59361
1.59412
1.59477
1.59492
1.59593
1.59593
1.596
1.59673
1.59753
1.59803
1.59847
1.5989
1.59992
1.59992
1.60014
1.6018
1.60217
1.60267
1.60325
1.60347
1.60354
1.60362
1.60543
1.60565
1.60615
1.60695
1.60709
1.60775
1.60927
1.60934
1.60934
1.61028
1.61115
1.61181
1.61202
1.61224
1.61224
1.61253
1.61311
1.61318
1.61355
1.61362
1.61442
1.61456
1.61507
1.61543
1.61681
1.61761
1.61768
1.61848
1.61927
1.61978
1.62014
1.62043
1.62087
1.62101
1.62116
1.62391
1.62442
1.62486
1.62486
1.6271
1.62797
1.62819
1.62935
1.62957
1.62986
1.63145
1.63276
1.63486
1.63486
1.63529
1.63783
1.63935
1.6395
1.64015
1.64022
1.64037
1.64117
1.64124
1.64225
1.64254
1.64515
1.64544
1.64602
1.64718
1.64762
1.64769
1.64791
1.649
1.64907
1.64914
1.64965
1.65001
1.6503
1.65059
1.65074
1.65081
1.65088
1.65146
1.65211
1.65298
1.65356
1.65356
1.65552
1.65574
1.65639
1.65661
1.65668
1.65675
1.65726
1.65755
1.65769
1.65798
1.6582
1.65893
1.66088
1.66183
1.66241
1.66415
1.66429
1.66451
1.66473
1.66589
1.66589
1.66676
1.66915
1.66937
1.67096
1.67096
1.67154
1.67234
1.67285
1.6743
1.67437
1.67524
1.6756
1.67575
1.67633
1.67676
1.67683
1.67727
1.67741
1.67799
1.67799
1.67901
1.67915
1.6793
1.67966
1.67966
1.68031
1.68068
1.68082
1.68104
1.68111
1.6814
1.68234
1.68256
1.68299
1.68307
1.6835
1.68604
1.68618
1.68662
1.68901
1.68974
1.68988
1.69032
1.69133
1.69169
1.69177
1.69198
1.69213
1.69256
1.69343
1.69365
1.69387
1.69416
1.69416
1.69481
1.69648
1.69742
1.69902
1.69974
1.70025
1.70061
1.70061
1.70134
1.70141
1.70155
1.70177
1.70192
1.70192
1.70235
1.70373
1.70373
1.70409
1.70424
1.70431
1.70496
1.70518
1.70576
1.70583
1.70706
1.70735
1.70916
1.71098
1.71105
1.71148
1.71185
1.71199
1.71301
1.71322
1.7133
1.7133
1.71504
1.71533
1.7154
1.71692
1.72105
1.72113
1.72395
1.72424
1.7249
1.72591
1.72627
1.72954
1.72983
1.73012
1.73033
1.73091
1.73178
1.73294
1.73338
1.73446
1.73461
1.73519
1.7357
1.73678
1.73729
1.73751
1.73758
1.73773
1.73794
1.73816
1.73838
1.73881
1.73889
1.7399
1.74026
1.74048
1.74084
1.74099
1.74106
1.74113
1.74128
1.742
1.742
1.74208
1.74287
1.74302
1.74454
1.74469
1.74483
1.74737
1.74846
1.7486
1.7494
1.74947
1.75012
1.75049
1.75121
1.75165
1.75186
1.7523
1.75244
1.75244
1.75317
1.75346
1.75527
1.75534
1.75723
1.75737
1.75897
1.7594
1.75991
1.76013
1.76034
1.76078
1.76136
1.76448
1.76556
1.76571
1.76651
1.76651
1.76687
1.76738
1.76738
1.76759
1.76796
1.76948
1.7697
1.77049
1.77071
1.77151
1.77173
1.7718
1.77202
1.77231
1.77325
1.77405
1.77426
1.77484
1.77564
1.77564
1.77673
1.77731
1.77832
1.77934
1.77977
1.77985
1.78006
1.7805
1.7805
1.78057
1.78079
1.78122
1.78202
1.7826
1.78311
1.78354
1.78391
1.78398
1.78412
1.78441
1.78456
1.78499
1.78528
1.78564
1.78564
1.78651
1.78833
1.78876
1.78898
1.78905
1.78912
1.79028
1.79043
1.79065
1.79094
1.79391
1.7955
1.79579
1.79616
1.79666
1.79761
1.79891
1.80043
1.80138
1.8037
1.80391
1.80587
1.80594
1.80602
1.8071
1.8095
1.81123
1.8121
1.81225
1.81254
1.81276
1.81276
1.8129
1.81334
1.81399
1.81413
1.8145
1.815
1.81566
1.8158
1.81602
1.81689
1.81696
1.81711
1.81725
1.81732
1.81841
1.81848
1.81943
1.82001
1.82008
1.82095
1.82146
1.82262
1.82283
1.82283
1.82334
1.82356
1.82421
1.82486
1.82566
1.82581
1.82617
1.82646
1.8266
1.82718
1.8274
1.8274
1.82827
1.82929
1.8295
1.82979
1.82979
1.83059
1.83153
1.83161
1.83204
1.83233
1.8332
1.83342
1.83349
1.83356
1.83516
1.83567
1.83624
1.83675
1.83748
1.83798
1.83806
1.83813
1.83878
1.839
1.8403
1.84204
1.84204
1.84262
1.84262
1.84299
1.84364
1.84407
1.8456
1.8485
1.84944
1.85016
1.85082
1.85103
1.85285
1.8535
1.85372
1.85459
1.85741
1.86039
1.86147
1.86191
1.86191
1.86241
1.86249
1.8627
1.86343
1.86357
1.86365
1.86459
1.86481
1.86553
1.86749
1.86778
1.86916
1.8693
1.87213
1.8759
1.87597
1.87699
1.87771
1.87865
1.87894
1.87989
1.87996
1.88068
1.88141
1.88155
1.88192
1.88257
1.88315
1.88424
1.88438
1.88482
1.88547
1.88699
1.88858
1.88873
1.88924
1.88945
1.88953
1.88996
1.89279
1.89359
1.89388
1.89395
1.89547
1.89663
1.89939
1.89975
1.90004
1.90055
1.9012
1.90134
1.90163
1.902
1.90207
1.90236
1.90301
1.90345
1.90352
1.90446
1.90446
1.90511
1.90533
1.9078
1.90801
1.9083
1.9083
1.9091
1.91062
1.91149
1.91157
1.91243
1.91251
1.91251
1.91272
1.91272
1.91287
1.91345
1.91367
1.91374
1.9141
1.91432
1.91555
1.91649
1.91671
1.91794
1.91809
1.91831
1.92092
1.92157
1.92164
1.92258
1.92353
1.92389
1.92418
1.92425
1.92548
1.92563
1.92563
1.9257
1.92628
1.92643
1.92824
1.92838
1.9286
1.92889
1.93121
1.93194
1.93266
1.93288
1.93513
1.93737
1.93984
1.93998
1.941
1.94223
1.94382
1.94411
1.94658
1.94665
1.94694
1.94709
1.94745
1.94767
1.94868
1.94883
1.94897
1.94904
1.95013
1.95071
1.95122
1.95136
1.95151
1.95455
1.95463
1.95564
1.95608
1.95832
1.95832
1.9589
1.96137
1.96166
1.96202
1.96347
1.96369
1.96376
1.96405
1.96572
1.96579
1.96622
1.96688
1.96746
1.96767
1.96804
1.96891
1.96934
1.97101
1.97144
1.97144
1.97144
1.97456
1.97463
1.97485
1.97529
1.97536
1.98072
1.98239
1.98312
1.98319
1.98529
1.98587
1.9871
1.98819
1.9887
1.98899
1.99051
1.99051
1.99131
1.99218
1.99348
1.99392
1.99406
1.9945
1.99486
1.9958
1.99754
1.99892
1.99899
2.0003
2.00037
2.00276
2.00298
2.00349
2.00363
2.00407
2.00428
2.00508
2.00523
2.00552
2.00573
2.00697
2.00718
2.00878
2.0095
2.01037
2.01074
2.01095
2.0111
2.01262
2.01335
2.01342
2.01385
2.014
2.0145
2.01588
2.01646
2.01791
2.01994
2.02009
2.02074
2.02146
2.02183
2.02204
2.02219
2.02313
2.02407
2.02473
2.02473
2.02487
2.02552
2.0269
2.02712
2.02784
2.02792
2.02871
2.02908
2.02958
2.03147
2.0319
2.03205
2.03256
2.0335
2.03437
2.03756
2.03857
2.03886
2.04314
2.04568
2.04611
2.0472
2.04727
2.04756
2.04966
2.05024
2.05351
2.05416
2.05452
2.05467
2.05467
2.0559
2.05641
2.05728
2.05793
2.05822
2.05836
2.05902
2.05916
2.05923
2.06184
2.06192
2.06199
2.06271
2.06395
2.06445
2.0646
2.06482
2.06641
2.06692
2.0688
2.06931
2.06953
2.06953
2.07054
2.0725
2.07257
2.07366
2.0738
2.07409
2.07424
2.07431
2.0791
2.0791
2.0796
2.08091
2.08178
2.08664
2.08867
2.0891
2.09012
2.09041
2.092
2.09272
2.09309
2.0933
2.09374
2.09512
2.09548
2.09635
2.09707
2.09765
2.09802
2.09809
2.09816
2.09823
2.09867
2.09874
2.09968
2.10019
2.102
2.10302
2.10353
2.10469
2.10498
2.10498
2.10527
2.10556
2.10643
2.10664
2.10708
2.10824
2.10831
2.10831
2.10831
2.11208
2.1144
2.11469
2.11534
2.11592
2.11607
2.11715
2.11904
2.1194
2.11984
2.12027
2.12049
2.121
2.12114
2.12187
2.12339
2.12411
2.12433
2.12527
2.12658
2.12817
2.12825
2.12883
2.13151
2.1318
2.1331
2.13499
2.13535
2.13651
2.13702
2.13803
2.13898
2.13905
2.14159
2.14216
2.14325
2.14332
2.14332
2.14376
2.14383
2.14427
2.14463
2.14586
2.14898
2.14956
2.15014
2.15086
2.15094
2.15144
2.15195
2.15282
2.15456
2.15471
2.15543
2.15601
2.15652
2.15724
2.15761
2.15782
2.15797
2.15797
2.15804
2.15833
2.15862
2.16174
2.16428
2.16449
2.16558
2.16573
2.16631
2.16645
2.16746
2.17145
2.17326
2.17421
2.17442
2.17566
2.17747
2.17834
2.17993
2.18008
2.18109
2.18153
2.18291
2.18349
2.18581
2.18588
2.18624
2.18689
2.18842
2.18929
2.18936
2.1919
2.1932
2.19479
2.19516
2.1969
2.19827
2.19972
2.20096
2.20212
2.20291
2.20313
2.20523
2.20545
2.20596
2.20777
2.20835
2.2114
2.21205
2.21241
2.21379
2.21386
2.21553
2.21705
2.2172
2.2193
2.22024
2.22104
2.22118
2.22285
2.22321
2.2235
2.2251
2.22749
2.22894
2.22923
2.22952
2.22966
2.2309
2.23097
2.23111
2.23119
2.23198
2.23358
2.2338
2.23401
2.23467
2.23575
2.23815
2.23851
2.23873
2.23902
2.23902
2.23931
2.24155
2.24228
2.2425
2.24576
2.24648
2.2475
2.24837
2.24837
2.24924
2.2504
2.25076
2.25098
2.25134
2.25199
2.25228
2.25431
2.2554
2.2562
2.25678
2.25786
2.25823
2.25859
2.2591
2.25939
2.26062
2.26098
2.26243
2.26424
2.26468
2.26577
2.26642
2.26953
2.26975
2.26997
2.27178
2.27193
2.27381
2.27555
2.27555
2.27671
2.27722
2.27794
2.27889
2.27889
2.28222
2.28222
2.28316
2.28396
2.28628
2.28643
2.28715
2.2873
2.28817
2.2886
2.28925
2.28954
2.28969
2.29005
2.29012
2.29172
2.29215
2.2957
2.29585
2.29759
2.2981
2.29875
2.30143
2.30187
2.30303
2.30527
2.30556
2.30636
2.31405
2.31492
2.316
2.31811
2.31847
2.32064
2.32137
2.32274
2.32282
2.32369
2.32383
2.32434
2.3247
2.32477
2.32593
2.32615
2.32622
2.32709
2.32717
2.32854
2.32934
2.33028
2.33282
2.33304
2.33449
2.3363
2.33746
2.3379
2.3384
2.33869
2.3392
2.34181
2.34203
2.34261
2.34268
2.3429
2.34304
2.34304
2.34341
2.34652
2.34659
2.3471
2.34725
2.34913
2.34928
2.34957
2.35094
2.35239
2.35413
2.35413
2.35551
2.3558
2.35631
2.35667
2.35725
2.35754
2.35834
2.35993
2.36001
2.36298
2.36312
2.3632
2.36421
2.36421
2.36436
2.36559
2.36588
2.36602
2.36653
2.36929
2.36994
2.37008
2.37088
2.37095
2.3711
2.37226
2.37247
2.37313
2.37349
2.37487
2.3769
2.37856
2.3803
2.38183
2.38183
2.38357
2.384
2.38436
2.38523
2.38589
2.3861
2.38618
2.38654
2.38726
2.38958
2.39053
2.39183
2.39263
2.39444
2.39488
2.39495
2.39538
2.3977
2.39777
2.40154
2.40444
2.40502
2.40539
2.4056
2.40691
2.40713
2.40756
2.40865
2.40966
2.41024
2.41039
2.41075
2.41394
2.41496
2.4151
2.41742
2.41829
2.41967
2.42018
2.42025
2.4209
2.42184
2.42293
2.42496
2.42641
2.42728
2.42916
2.43141
2.43177
2.43308
2.4333
2.43424
2.4354
2.43576
2.4367
2.43685
2.43721
2.43728
2.43924
2.43968
2.44098
2.44192
2.4425
2.44294
2.44316
2.44323
2.44468
2.44511
2.44533
2.447
2.44707
2.44808
2.45091
2.45098
2.45214
2.45352
2.45367
2.45577
2.45881
2.46092
2.46092
2.46345
2.46396
2.46512
2.46541
2.46606
2.46809
2.46867
2.46933
2.47056
2.4707
2.4715
2.47382
2.47418
2.47715
2.47795
2.47991
2.48005
2.48013
2.48034
2.48274
2.48629
2.48672
2.48723
2.48752
2.4881
2.48817
2.48832
2.49202
2.49274
2.49455
2.49542
2.49542
2.49847
2.50318
2.50354
2.50593
2.50666
2.50825
2.50978
2.51188
2.51202
2.51318
2.51427
2.5155
2.51826
2.51848
2.5192
2.5192
2.5213
2.52145
2.52203
2.52239
2.52283
2.52703
2.5271
2.52725
2.52761
2.52783
2.52833
2.5287
2.52942
2.53406
2.53413
2.53587
2.54001
2.54247
2.54407
2.54595
2.54958
2.55015
2.55088
2.5511
2.55189
2.55204
2.55632
2.56038
2.56088
2.56212
2.56632
2.56697
2.56908
2.5714
2.5719
2.57241
2.57314
2.57393
2.57422
2.57488
2.57705
2.57843
2.58053
2.58096
2.58104
2.58205
2.58307
2.58365
2.58401
2.58647
2.59191
2.59227
2.593
2.59713
2.59764
2.60126
2.60213
2.60242
2.60351
2.60496
2.60742
2.60779
2.60902
2.61011
2.61032
2.61076
2.61366
2.61431
2.6146
2.61823
2.61946
2.62171
2.6225
2.62497
2.6262
2.62685
2.62779
2.62787
2.63214
2.63272
2.63432
2.63707
2.63903
2.64012
2.64244
2.64273
2.64309
2.64367
2.64389
2.64534
2.65056
2.6507
2.65107
2.65302
2.65534
2.65549
2.65715
2.65759
2.66114
2.66143
2.6615
2.66288
2.66433
2.66484
2.66484
2.6681
2.66839
2.67586
2.67724
2.67731
2.6797
2.68238
2.68325
2.68332
2.6839
2.68659
2.68804
2.68862
2.69195
2.69434
2.69529
2.69536
2.6955
2.69579
2.69579
2.69666
2.7013
2.7034
2.70348
2.70913
2.71181
2.71515
2.7208
2.72254
2.72363
2.72588
2.72682
2.72784
2.72791
2.72849
2.73291
2.73777
2.73987
2.74038
2.74299
2.7448
2.74516
2.74531
2.74545
2.74589
2.74828
2.74908
2.7498
2.74987
2.75024
2.7506
2.75111
2.75256
2.75256
2.75437
2.75712
2.75814
2.75857
2.75944
2.76162
2.76357
2.76684
2.768
2.77082
2.7759
2.77836
2.78104
2.78452
2.78583
2.78619
2.78728
2.7875
2.78974
2.78989
2.79018
2.79192
2.79257
2.7938
2.7938
2.79446
2.7954
2.79656
2.79707
2.79721
2.80207
2.8062
2.8099
2.81048
2.81113
2.8112
2.81678
2.81758
2.82128
2.82229
2.82251
2.82287
2.82324
2.82817
2.82911
2.82954
2.83005
2.83143
2.83193
2.83991
2.84013
2.8423
2.84245
2.84368
2.84564
2.84781
2.84825
2.84948
2.85151
2.85223
2.85318
2.85426
2.85484
2.85513
2.85535
2.85861
2.85948
2.86129
2.86303
2.8639
2.86412
2.8663
2.87079
2.87079
2.87181
2.87217
2.87217
2.87739
2.87804
2.87935
2.88116
2.88268
2.88427
2.89094
2.89297
2.89341
2.89363
2.8937
2.89457
2.89566
2.89703
2.89841
2.90037
2.90088
2.90805
2.90892
2.91146
2.91204
2.91218
2.91429
2.9161
2.92538
2.92893
2.92929
2.93082
2.93103
2.93306
2.93669
2.93683
2.9393
2.94017
2.94017
2.94067
2.9422
2.94444
2.94655
2.94952
2.95177
2.9551
2.95597
2.95662
2.96141
2.96351
2.96358
2.97525
2.97837
2.97895
2.98192
2.98272
2.98279
2.98468
2.987
2.98787
2.99765
2.99939
3.00077
3.00287
3.00382
3.00722
3.00737
3.00875
3.01172
3.01396
3.01563
3.01904
3.02172
3.02469
3.02629
3.0268
3.02745
3.02839
3.03049
3.03361
3.0368
3.03919
3.03984
3.04224
3.04376
3.0439
3.04557
3.04724
3.05123
3.05347
3.05594
3.05848
3.05971
3.06043
3.06094
3.06203
3.06239
3.06645
3.06848
3.06935
3.0716
3.07312
3.07348
3.0845
3.08457
3.08472
3.08805
3.09095
3.09617
3.09777
3.09784
3.09813
3.10088
3.10168
3.10538
3.10545
3.1077
3.11321
3.11429
3.11553
3.11951
3.12336
3.12423
3.12452
3.12531
3.13039
3.13691
3.13706
3.14104
3.14496
3.15148
3.15163
3.15511
3.15736
3.16562
3.16598
3.1675
3.16801
3.18222
3.18302
3.18338
3.18483
3.18585
3.18853
3.19005
3.19309
3.19418
3.19592
3.19744
3.20477
3.2097
3.21433
3.21607
3.21752
3.21832
3.21883
3.22347
3.22398
3.22586
3.22818
3.22927
3.23144
3.23775
3.24195
3.24609
3.24696
3.24971
3.25573
3.25573
3.25653
3.25682
3.25805
3.26334
3.26928
3.26979
3.27356
3.27508
3.27675
3.279
3.28096
3.2856
3.29031
3.29045
3.29379
3.29444
3.29625
3.2969
3.29712
3.30162
3.30191
3.31329
3.31619
3.3172
3.32779
3.33235
3.33344
3.33467
3.34069
3.34127
3.34439
3.34671
3.34685
3.34823
3.35548
3.35852
3.35961
3.36208
3.36208
3.36353
3.36853
3.37222
3.37367
3.37752
3.37976
3.38223
3.38491
3.39078
3.39158
3.39223
3.39912
3.40115
3.40405
3.40825
3.41311
3.41594
3.41645
3.41746
3.42188
3.42282
3.4279
3.42949
3.43827
3.44327
3.44508
3.45247
3.46067
3.46734
3.47016
3.47255
3.47328
3.47553
3.4793
3.48604
3.49278
3.50054
3.50626
3.51214
3.5133
3.5183
3.5204
3.52207
3.52373
3.52482
3.52511
3.52591
3.52837
3.52845
3.52932
3.5304
3.53468
3.53512
3.54113
3.54142
3.54179
3.55469
3.5586
3.56477
3.56933
3.56977
3.576
3.57781
3.58013
3.58086
3.58274
3.59086
3.59217
3.59413
3.59521
3.59528
3.59644
3.6005
3.60145
3.60471
3.60978
3.61102
3.61631
3.6216
3.62182
3.62689
3.62696
3.64306
3.64494
3.64668
3.64987
3.64994
3.65611
3.65683
3.66227
3.67691
3.68017
3.68075
3.68206
3.68489
3.68699
3.68829
3.69032
3.69156
3.69221
3.69395
3.69402
3.69424
3.7046
3.70518
3.70671
3.70743
3.7083
3.71388
3.71497
3.71729
3.72621
3.73077
3.73143
3.73498
3.73708
3.73882
3.74614
3.74672
3.75441
3.75506
3.75571
3.76579
3.76695
3.76724
3.77383
3.78224
3.78377
3.79624
3.7987
3.79971
3.80711
3.80849
3.81356
3.81363
3.8153
3.8174
3.82726
3.82849
3.82958
3.8393
3.85575
3.86032
3.86162
3.86445
3.86808
3.88279
3.88518
3.89026
3.89309
3.89388
3.90215
3.90541
3.90642
3.92665
3.92926
3.93281
3.93325
3.93781
3.94187
3.94245
3.9426
3.9439
3.94586
3.94854
3.94912
3.94941
3.94992
3.95282
3.95289
3.95485
3.95913
3.95956
3.97696
3.99385
4.00625
4.00741
4.01756
4.02343
4.02763
4.03474
4.03684
4.03706
4.03836
4.03974
4.05322
4.05576
4.06489
4.06794
4.06982
4.07106
4.07229
4.07686
4.07722
4.08149
4.08722
4.09012
4.09222
4.09447
4.09962
4.09998
4.101
4.10368
4.10955
4.11731
4.11752
4.11912
4.12093
4.13884
4.13927
4.14079
4.14101
4.14761
4.15355
4.1616
4.16936
4.17835
4.18001
4.19016
4.20553
4.21379
4.2151
4.21677
4.22648
4.23025
4.24279
4.25736
4.26577
4.26686
4.28433
4.28571
4.2918
4.29709
4.31427
4.32217
4.35748
4.36262
4.37118
4.3822
4.38314
4.3864
4.38654
4.38894
4.39648
4.39727
4.39822
4.40409
4.40532
4.40953
4.4125
4.41982
4.42874
4.43997
4.45005
4.45135
4.45367
4.45824
4.46397
4.4694
4.49035
4.49586
4.50928
4.51362
4.52319
4.52334
4.52551
4.52892
4.53363
4.54451
4.54929
4.55509
4.55777
4.57938
4.58489
4.59931
4.61287
4.62048
4.63773
4.63824
4.64165
4.65267
4.65303
4.66608
4.67934
4.68036
4.68239
4.68703
4.69254
4.69529
4.69536
4.7306
4.73821
4.73893
4.7406
4.74277
4.80178
4.81157
4.81353
4.81578
4.84992
4.85282
4.87138
4.87464
4.88827
4.89168
4.89429
4.92212
4.96236
4.97917
4.9878
5.00215
5.03746
5.04913
5.05986
5.09132
5.09915
5.10444
5.12619
5.1504
5.17679
5.23109
5.26451
5.26552
5.27328
5.28509
5.29561
5.31032
5.32518
5.35657
5.35824
5.38629
5.45835
5.46227
5.49511
5.50381
5.51671
5.53686
5.55716
5.67148
5.73078
5.73586
5.80407
5.86279
5.99494
6.01263
6.05185
6.06961
6.13217
6.16291
6.17146
6.22902
6.25795
6.26114
6.26991
6.51218
6.65854
6.7604
6.9612
7.17136
7.56043
7.62669
7.73427
8.09144
