# Tempo	Potencial
0	137.976
1	136.317
2	127.619
3	118.85
4	109.335
5	101.468
6	101.211
7	99.51
8	96.9368
9	99.1078
10	98.1173
11	101.128
12	100.744
13	98.4231
14	98.0549
15	96.2975
16	96.825
17	94.1241
18	90.6531
19	87.4266
20	90.2338
21	90.8911
22	94.7825
23	91.6023
24	93.8359
25	93.3187
26	93.556
27	94.8901
28	97.1281
29	95.1749
30	101.975
31	97.7208
32	97.453
33	99.1962
34	98.9102
35	98.401
36	98.8072
37	97.8325
38	97.2506
39	97.3529
40	97.7466
41	95.8012
42	93.4486
43	92.5512
44	94.2087
45	94.5808
46	91.6084
47	94.8399
48	92.4684
49	91.6131
50	95.9893
51	88.3175
52	90.2094
53	89.604
54	90.0087
55	87.8635
56	91.1034
57	88.1121
58	88.4694
59	91.4471
60	89.5728
61	91.4865
62	93.4891
63	95.1537
64	96.6228
65	95.7352
66	92.6612
67	93.762
68	95.4178
69	96.6547
70	93.0262
71	95.4171
72	93.0184
73	88.8191
74	89.4264
75	92.1442
76	92.7084
77	96.6019
78	101.195
79	98.2326
80	94.2102
81	94.872
82	96.4209
83	96.4105
84	95.1681
85	91.7364
86	88.9343
87	93.3622
88	93.8065
89	94.2715
90	97.8844
91	101.156
92	100.518
93	99.9006
94	98.313
95	96.6244
96	98.1199
97	96.8116
98	97.115
99	95.5838
100	95.1368
101	97.1731
102	98.8099
103	98.9833
104	97.0434
105	95.2374
106	94.6539
107	95.2207
108	97.2968
109	96.7306
110	97.5125
111	99.1112
112	100.999
113	97.0413
114	95.9325
115	97.2131
116	92.9251
117	93.3295
118	88.7057
119	88.8369
120	88.9827
121	85.901
122	87.4708
123	89.2234
124	93.0909
125	99.1783
126	102.899
127	102.977
128	101.123
129	98.1722
130	95.9564
131	95.0254
132	96.0386
133	95.289
134	96.5822
135	99.0768
136	97.2686
137	95.6553
138	91.9142
139	97.0692
140	93.8781
141	93.4902
142	92.7036
143	92.1636
144	90.2978
145	92.0621
146	94.1765
147	92.3576
148	89.2249
149	89.0516
150	88.0236
151	89.7873
152	88.4187
153	93.1266
154	89.1791
155	88.5108
156	84.929
157	86.866
158	85.9279
159	86.2621
160	84.1048
161	86.7986
162	84.471
163	87.6747
164	90.716
165	91.3068
166	90.1033
167	91.3265
168	86.9144
169	86.3629
170	85.5476
171	88.9054
172	88.3162
173	89.0823
174	89.9235
175	88.1074
176	87.101
177	90.1785
178	87.6183
179	84.3253
180	77.9385
181	76.4583
182	75.8827
183	70.0773
184	66.5607
185	72.0972
186	72.2469
187	68.7187
188	65.4709
189	66.1087
190	65.6177
191	64.8005
192	65.2857
193	65.0168
194	70.6637
195	69.1956
196	73.5761
197	72.3187
198	77.338
199	78.075
200	78.6634
201	79.2897
202	77.2067
203	79.2004
204	78.7771
205	80.7022
206	81.8186
207	83.0043
208	87.7236
209	85.0701
210	89.274
211	88.1176
212	83.9698
213	83.448
214	85.7608
215	81.0024
216	83.6908
217	86.8797
218	91.0011
219	93.7623
220	94.2942
221	96.1454
222	95.8661
223	95.3008
224	93.1604
225	90.9889
226	92.3608
227	93.7238
228	97.742
229	92.567
230	96.1911
231	95.252
232	92.0547
233	92.2111
234	92.4951
235	92.0742
236	93.2358
237	94.7574
238	95.118
239	94.0301
240	93.607
241	90.5661
242	93.631
243	92.4226
244	92.8307
245	94.6457
246	94.8469
247	93.8167
248	94.9189
249	95.1018
250	93.6847
251	92.9797
252	87.8386
253	89.1609
254	86.7045
255	89.6749
256	90.6642
257	87.0199
258	89.7065
259	85.406
260	87.2633
261	90.0682
262	90.9822
263	88.1319
264	90.3077
265	93.7662
266	91.2509
267	91.4198
268	93.9396
269	92.6044
270	92.7139
271	91.6486
272	89.4043
273	89.0196
274	84.5357
275	84.7461
276	83.7191
277	82.8881
278	85.8257
279	85.7763
280	87.3531
281	89.2743
282	90.6776
283	89.4672
284	93.1926
285	91.635
286	88.2639
287	88.711
288	85.324
289	87.7488
290	89.2336
291	93.3578
292	95.9655
293	96.876
294	96.7773
295	96.6651
296	91.9135
297	89.6394
298	91.2816
299	90.1618
300	90.8438
301	90.8488
302	87.2482
303	88.4417
304	83.9404
305	87.0863
306	87.0281
307	87.0022
308	92.6453
309	93.5466
310	91.9956
311	89.5934
312	84.4039
313	83.5114
314	85.1549
315	85.0107
316	88.6314
317	88.2137
318	86.7905
319	87.2208
320	88.7941
321	86.2529
322	89.2794
323	88.4604
324	83.7827
325	82.8485
326	78.8554
327	81.567
328	76.7136
329	70.9277
330	69.2844
331	73.076
332	75.1537
333	76.3331
334	79.2916
335	82.1986
336	82.2312
337	84.4776
338	83.5152
339	83.0648
340	81.3908
341	83.154
342	83.239
343	82.0618
344	82.0411
345	78.5342
346	79.3233
347	79.8899
348	83.6475
349	85.7662
350	86.8878
351	86.299
352	88.2067
353	87.8285
354	87.9957
355	83.2926
356	83.8867
357	82.347
358	79.9155
359	78.7031
360	75.66
361	77.9819
362	79.1422
363	75.9674
364	81.0048
365	80.0351
366	75.7125
367	77.8871
368	77.4325
369	76.0484
370	69.9108
371	67.5708
372	71.2989
373	71.604
374	76.8464
375	78.3193
376	72.9316
377	69.0936
378	66.8563
379	72.9038
380	78.077
381	78.3988
382	83.0634
383	82.6794
384	79.8064
385	84.1073
386	85.6756
387	84.4102
388	84.1612
389	87.5425
390	89.4164
391	85.6275
392	87.8125
393	84.1987
394	85.4888
395	86.0837
396	89.4647
397	89.8047
398	93.5516
399	88.8657
400	90.3679
401	94.8926
402	94.8701
403	93.7491
404	90.5045
405	90.0475
406	91.6536
407	92.0946
408	93.951
409	93.3559
410	91.8987
411	94.6004
412	99.0813
413	100.238
414	98.5821
415	100.276
416	101.263
417	100.553
418	96.8648
419	97.3032
420	91.4587
421	88.0005
422	88.7107
423	89.4892
424	86.533
425	83.6458
426	87.0894
427	91.0032
428	88.2901
429	91.8821
430	90.3707
431	89.2619
432	90.2449
433	90.166
434	96.4014
435	89.9057
436	92.7307
437	91.7376
438	97.0366
439	98.8656
440	97.0598
441	97.9063
442	95.861
443	95.3354
444	93.6046
445	93.802
446	88.9277
447	86.2665
448	84.4374
449	87.6794
450	89.3123
451	90.7723
452	89.8352
453	92.5892
454	93.9052
455	91.7969
456	93.9879
457	90.4495
458	92.4214
459	85.3783
460	85.2132
461	89.4245
462	88.8731
463	90.9824
464	94.3921
465	93.5553
466	89.552
467	94.3384
468	93.7925
469	96.1497
470	96.0628
471	96.0456
472	94.3783
473	94.8792
474	93.9101
475	93.5652
476	95.4158
477	93.5747
478	94.2803
479	95.4686
480	94.2286
481	94.1036
482	94.784
483	95.9893
484	93.4535
485	90.2667
486	86.5027
487	86.9872
488	88.2233
489	87.1341
490	86.6814
491	87.7073
492	93.1782
493	97.7198
494	98.0358
495	97.3999
496	92.825
497	93.8811
498	95.6609
499	90.6641
500	91.1413
501	88.7977
502	91.2307
503	93.0633
504	93.691
505	89.1394
506	94.0508
507	93.9029
508	96.3784
509	99.0628
510	101.311
511	101.773
512	98.7676
513	98.3616
514	99.3378
515	94.9248
516	95.4453
517	93.4773
518	90.8961
519	92.0189
520	89.5172
521	89.4266
522	92.0338
523	91.6199
524	93.4332
525	97.4542
526	99.3388
527	99.5933
528	103.147
529	98.8419
530	98.3097
531	99.7298
532	97.3422
533	98.4767
534	96.3026
535	97.6231
536	95.8003
537	92.1252
538	93.0097
539	89.0163
540	89.732
541	87.9589
542	92.5786
543	95.9469
544	94.2949
545	93.5886
546	91.554
547	84.9896
548	84.7212
549	88.2675
550	94.2879
551	95.1541
552	95.2098
553	97.0447
554	94.0295
555	92.4347
556	92.5747
557	88.7628
558	85.5211
559	80.9955
560	79.6072
561	84.2307
562	90.9231
563	90.5015
564	89.2381
565	83.2172
566	89.876
567	92.1059
568	85.2608
569	79.2336
570	78.2164
571	80.7075
572	84.123
573	84.3102
574	82.4297
575	83.6138
576	86.6273
577	81.5587
578	80.141
579	82.9579
580	82.4773
581	80.1985
582	77.763
583	78.7673
584	76.4225
585	75.1506
586	76.6571
587	78.0708
588	78.9894
589	81.0744
590	84.5048
591	89.1598
592	88.5581
593	88.9143
594	89.1867
595	92.7006
596	93.4434
597	96.6748
598	96.5636
599	93.0819
600	93.9989
601	94.8001
602	97.2419
603	95.5691
604	93.3458
605	90.1589
606	92.7064
607	93.7129
608	92.5415
609	95.3487
610	96.784
611	99.5114
612	100.7
613	99.9552
614	97.3047
615	96.0991
616	97.1684
617	96.9861
618	93.0823
619	89.3561
620	91.1905
621	94.797
622	93.6763
623	94.8619
624	95.5204
625	93.7432
626	91.0716
627	88.7469
628	89.6851
629	93.2484
630	93.9959
631	94.1046
632	95.618
633	95.0664
634	96.9277
635	96.4808
636	95.6649
637	91.6904
638	92.9736
639	93.2744
640	94.3217
641	97.5852
642	95.9797
643	94.1143
644	95.888
645	95.5961
646	97.349
647	98.8084
648	100.532
649	100.04
650	103.356
651	101.804
652	100.252
653	95.0005
654	93.6801
655	95.1758
656	97.7079
657	99.2379
658	99.0759
659	100.642
660	99.7646
661	99.223
662	99.6823
663	98.9259
664	98.6174
665	96.5086
666	94.9253
667	96.9236
668	95.4078
669	95.4703
670	94.7819
671	94.5686
672	93.9698
673	97.0743
674	96.4498
675	97.7621
676	98.0238
677	93.7067
678	94.4197
679	89.8945
680	90.4109
681	88.6706
682	87.81
683	87.1707
684	88.1809
685	88.8614
686	88.0057
687	83.6955
688	86.7448
689	88.5594
690	88.1448
691	88.5054
692	94.0169
693	96.2562
694	94.359
695	92.8077
696	89.9196
697	88.0457
698	86.4549
699	89.9227
700	89.9223
701	92.587
702	91.003
703	90.8404
704	88.3976
705	84.8297
706	82.8732
707	86.8487
708	90.4627
709	89.0082
710	88.8373
711	91.8533
712	89.2635
713	89.0737
714	91.4204
715	86.1857
716	87.8631
717	90.8512
718	85.0258
719	89.6818
720	88.583
721	89.2016
722	90.9897
723	93.1875
724	92.7979
725	94.0475
726	97.6767
727	95.3928
728	94.1119
729	96.7318
730	96.8699
731	101.139
732	101.004
733	99.275
734	96.5623
735	99.2325
736	100.331
737	97.8557
738	98.2359
739	97.4127
740	93.7483
741	92.9081
742	95.1623
743	97.2524
744	93.2813
745	88.5021
746	92.0804
747	91.6368
748	90.7509
749	93.9525
750	95.7037
751	99.567
752	97.3287
753	93.369
754	92.3278
755	91.9519
756	89.119
757	93.9538
758	94.5086
759	91.9351
760	95.1503
761	95.5253
762	93.7897
763	95.6541
764	96.0035
765	94.9875
766	95.5032
767	92.4214
768	90.2126
769	89.4887
770	88.155
771	87.3906
772	86.7353
773	87.0661
774	85.8614
775	88.439
776	86.9039
777	87.9542
778	88.666
779	87.6543
780	87.0249
781	85.4413
782	86.93
783	87.5128
784	90.5586
785	89.7762
786	90.7148
787	92.9749
788	97.7998
789	97.4585
790	101.298
791	99.5133
792	98.0943
793	98.6578
794	98.4419
795	98.7329
796	100.611
797	99.132
798	99.292
799	96.4885
800	93.6638
801	96.3736
802	92.2042
803	89.7426
804	88.1439
805	89.9529
806	85.1809
807	85.1906
808	85.804
809	87.2254
810	89.0128
811	85.9223
812	84.9673
813	89.4626
814	84.938
815	86.4344
816	91.017
817	95.2726
818	95.0226
819	96.039
820	92.3039
821	94.8645
822	90.8492
823	90.954
824	91.3935
825	93.7386
826	98.3237
827	97.5254
828	93.5046
829	91.6353
830	93.7109
831	96.3334
832	96.824
833	97.6805
834	96.8866
835	92.872
836	94.0584
837	91.3179
838	83.8006
839	86.415
840	84.9312
841	94.0223
842	95.1588
843	94.9861
844	95.5833
845	99.4675
846	99.8227
847	99.5726
848	97.5674
849	95.7419
850	95.2211
851	94.6957
852	97.71
853	100.572
854	97.8587
855	97.7455
856	96.3307
857	97.2013
858	97.2906
859	99.6267
860	93.4849
861	91.6353
862	91.8278
863	89.2418
864	92.2459
865	90.8249
866	90.1908
867	90.3778
868	92.465
869	90.8105
870	89.7013
871	89.1272
872	89.5189
873	85.0874
874	81.6553
875	81.5596
876	78.0499
877	79.1333
878	77.1872
879	75.389
880	74.6795
881	77.3916
882	80.4243
883	84.9824
884	80.9409
885	77.5662
886	80.1727
887	82.7758
888	86.3395
889	86.5343
890	84.6763
891	80.9758
892	82.3682
893	88.1253
894	88.848
895	92.1947
896	87.2332
897	85.8203
898	90.9904
899	91.9509
900	90.9186
901	89.3681
902	86.1724
903	81.5371
904	83.2766
905	85.0668
906	83.6056
907	86.2185
908	87.5711
909	86.5043
910	88.4117
911	85.7181
912	88.1075
913	88.6341
914	89.6528
915	87.7528
916	91.2938
917	86.3492
918	87.9219
919	89.9102
920	92.6909
921	92.2859
922	87.9936
923	86.7909
924	86.9428
925	87.5837
926	89.7207
927	88.3777
928	93.5031
929	91.3578
930	91.3877
931	91.7892
932	92.5924
933	93.0345
934	88.952
935	86.1399
936	92.8319
937	94.9248
938	94.2934
939	92.5216
940	94.2609
941	93.3699
942	94.2893
943	92.1751
944	90.4779
945	91.4191
946	93.4938
947	94.2278
948	93.495
949	91.8519
950	94.8714
951	96.3654
952	93.618
953	85.6334
954	84.96
955	87.7637
956	86.2776
957	91.0149
958	92.0601
959	85.7875
960	85.1895
961	90.4204
962	88.4694
963	86.8709
964	90.0719
965	87.9134
966	87.7821
967	88.213
968	86.7825
969	82.933
970	81.883
971	79.2172
972	84.5831
973	79.8718
974	79.011
975	79.1029
976	77.6338
977	80.1743
978	80.1847
979	84.2397
980	84.7698
981	83.3407
982	84.3986
983	83.3472
984	85.3565
985	85.2826
986	83.3128
987	84.5705
988	81.8903
989	80.8001
990	81.4184
991	76.9051
992	81.888
993	78.0472
994	76.3451
995	76.4292
996	77.2982
997	75.2351
998	74.1997
999	76.9246
1000	78.8301
1001	80.2082
1002	84.4318
1003	82.0669
1004	80.7252
1005	80.4281
1006	80.6259
1007	79.4693
1008	79.7013
1009	80.4365
1010	81.3728
1011	80.3582
1012	79.6793
1013	78.4633
1014	76.4692
1015	78.5233
1016	79.0691
1017	76.4264
1018	75.8411
1019	75.7728
1020	81.3713
1021	87.0013
1022	83.4978
1023	86.0659
1024	89.7921
1025	90.5872
1026	91.8115
1027	88.785
1028	87.7662
1029	89.1091
1030	86.5393
1031	86.2519
1032	86.1676
1033	85.0575
1034	85.8528
1035	84.9529
1036	87.588
1037	83.7865
1038	85.6427
1039	89.1987
1040	90.8061
1041	90.5986
1042	89.3564
1043	89.0071
1044	87.868
1045	81.8515
1046	89.1848
1047	91.3078
1048	94.0779
1049	95.0848
1050	94.1508
1051	97.428
1052	98.4801
1053	96.0498
1054	95.4663
1055	96.5479
1056	95.225
1057	93.7693
1058	95.0839
1059	96.2367
1060	95.8835
1061	95.385
1062	92.2848
1063	89.9761
1064	90.0498
1065	92.2152
1066	94.741
1067	91.9607
1068	91.0069
1069	92.0151
1070	90.5238
1071	83.7873
1072	80.7493
1073	82.2359
1074	83.0606
1075	84.8657
1076	84.9219
1077	83.8607
1078	83.9057
1079	86.3099
1080	84.2143
1081	84.7317
1082	90.1366
1083	92.6031
1084	94.1668
1085	95.4759
1086	94.8326
1087	93.9477
1088	94.0496
1089	88.0726
1090	88.0503
1091	91.8305
1092	90.6964
1093	95.5795
1094	94.6421
1095	95.3651
1096	93.7991
1097	92.3229
1098	95.1573
1099	96.0277
1100	89.0123
1101	86.7063
1102	90.5158
1103	95.4876
1104	91.6113
1105	92.5732
1106	98.1329
1107	96.0719
1108	98.1867
1109	93.926
1110	98.348
1111	96.0561
1112	98.7866
1113	98.4157
1114	94.7366
1115	98.6418
1116	98.2625
1117	97.9184
1118	94.6717
1119	94.5129
1120	92.0966
1121	93.7478
1122	89.9958
1123	88.6267
1124	87.9024
1125	88.53
1126	87.0123
1127	83.8981
1128	87.1794
1129	89.3409
1130	90.5365
1131	89.8246
1132	87.5403
1133	83.9848
1134	87.5723
1135	86.2243
1136	85.513
1137	85.8718
1138	88.8745
1139	86.522
1140	84.9882
1141	84.6926
1142	87.5241
1143	87.7455
1144	84.9567
1145	89.0755
1146	89.9429
1147	91.7981
1148	89.9033
1149	87.6235
1150	89.4798
1151	90.6537
1152	93.1212
1153	89.1772
1154	88.7925
1155	88.0872
1156	85.5703
1157	81.092
1158	80.707
1159	80.6304
1160	73.7189
1161	72.2271
1162	74.0893
1163	73.3634
1164	75.1988
1165	75.7869
1166	74.269
1167	77.2841
1168	76.2622
1169	75.7317
1170	78.102
1171	83.8715
1172	87.6006
1173	85.0885
1174	84.2678
1175	81.5468
1176	80.1877
1177	76.3108
1178	76.1757
1179	70.4102
1180	69.1925
1181	68.7033
1182	69.1206
1183	69.8514
1184	64.093
1185	63.3652
1186	66.8546
1187	65.8504
1188	62.8899
1189	64.6316
1190	64.4114
1191	67.1575
1192	67.0589
1193	67.7498
1194	72.5518
1195	71.8091
1196	71.4854
1197	75.3314
1198	74.2905
1199	74.0766
1200	73.4105
1201	76.2542
1202	81.0223
1203	82.2972
1204	78.4077
1205	80.546
1206	81.5588
1207	81.6349
1208	84.5349
1209	83.1246
1210	78.0804
1211	74.2888
1212	71.7129
1213	74.9412
1214	75.5608
1215	75.3314
1216	73.3461
1217	76.9361
1218	76.3638
1219	73.0812
1220	72.8054
1221	80.8855
1222	82.4938
1223	83.0252
1224	82.7506
1225	83.9255
1226	82.3856
1227	83.9104
1228	81.3042
1229	84.893
1230	91.5579
1231	90.2601
1232	91.3807
1233	93.5539
1234	94.9938
1235	91.3238
1236	90.5853
1237	94.5957
1238	93.5837
1239	92.5093
1240	91.7946
1241	93.7483
1242	93.8312
1243	98.1519
1244	101.265
1245	99.1292
1246	101.173
1247	100.074
1248	100.984
1249	99.0676
1250	96.1938
1251	87.864
1252	88.7556
1253	89.2199
1254	88.2476
1255	85.6425
1256	82.1844
1257	89.6425
1258	88.1289
1259	91.9827
1260	94.6188
1261	94.4934
1262	93.7781
1263	88.7104
1264	93.7859
1265	95.8465
1266	96.2413
1267	96.7371
1268	95.7055
1269	97.4021
1270	98.5328
1271	99.7023
1272	100.351
1273	100.5
1274	100.437
1275	95.8526
1276	96.0513
1277	91.7636
1278	92.55
1279	91.5901
1280	87.9384
1281	87.202
1282	89.8356
1283	88.9977
1284	90.5856
1285	86.512
1286	84.5572
1287	83.1144
1288	85.3031
1289	88.1352
1290	88.6716
1291	87.4663
1292	87.739
1293	88.6099
1294	86.5213
1295	82.5272
1296	80.8996
1297	80.0974
1298	82.9649
1299	80.5355
1300	80.6615
1301	76.0769
1302	74.5081
1303	72.5043
1304	78.5544
1305	81.6752
1306	86.6059
1307	82.4132
1308	81.5549
1309	84.5776
1310	89.271
1311	90.9164
1312	87.9777
1313	90.7703
1314	92.9263
1315	94.085
1316	95.4579
1317	94.6763
1318	94.9608
1319	91.6423
1320	91.4119
1321	90.8135
1322	88.4005
1323	86.0857
1324	89.8153
1325	85.7774
1326	82.6066
1327	83.1272
1328	85.9742
1329	90.322
1330	84.4072
1331	83.7533
1332	80.5345
1333	81.3526
1334	80.0583
1335	82.7522
1336	82.4235
1337	82.6757
1338	81.6345
1339	83.2897
1340	84.2966
1341	87.3292
1342	86.7526
1343	87.16
1344	87.5086
1345	86.694
1346	84.5709
1347	85.3967
1348	90.7764
1349	92.4638
1350	92.1412
1351	88.0633
1352	87.703
1353	87.2254
1354	91.2604
1355	94.1711
1356	94.2019
1357	94.1052
1358	92.1153
1359	93.8229
1360	92.4866
1361	92.6578
1362	92.0637
1363	93.2999
1364	92.4207
1365	85.6398
1366	88.081
1367	94.3853
1368	94.0805
1369	92.2116
1370	89.7961
1371	90.4742
1372	91.5201
1373	94.1557
1374	95.3042
1375	96.8311
1376	101.272
1377	99.3034
1378	98.6128
1379	96.272
1380	93.9277
1381	94.8871
1382	98.9539
1383	100.097
1384	98.4686
1385	96.2041
1386	93.9656
1387	95.1835
1388	94.7812
1389	95.4704
1390	98.5772
1391	103.64
1392	102.258
1393	98.5022
1394	99.7935
1395	99.8723
1396	101.118
1397	96.9618
1398	95.9523
1399	93.204
1400	89.7706
1401	87.0178
1402	82.3877
1403	88.9398
1404	90.815
1405	89.9846
1406	90.2076
1407	89.9888
1408	87.1609
1409	85.8703
1410	86.3612
1411	86.6931
1412	86.2291
1413	82.2468
1414	82.2968
1415	76.2923
1416	76.3104
1417	77.7085
1418	75.972
1419	75.6697
1420	76.2973
1421	77.0778
1422	74.3064
1423	72.877
1424	76.9379
1425	76.7745
1426	74.9765
1427	75.556
1428	78.0285
1429	78.1347
1430	76.1955
1431	79.2941
1432	82.4768
1433	83.2236
1434	83.417
1435	83.064
1436	82.3314
1437	83.3429
1438	83.7553
1439	85.0942
1440	86.1259
1441	86.0699
1442	90.9841
1443	88.2673
1444	90.6258
1445	92.1931
1446	91.1295
1447	94.5154
1448	94.9179
1449	96.6092
1450	97.202
1451	95.9462
1452	94.2237
1453	94.7705
1454	94.678
1455	88.5788
1456	85.548
1457	87.5275
1458	87.0284
1459	86.5073
1460	85.4606
1461	86.4111
1462	87.5536
1463	88.0954
1464	89.0008
1465	88.7632
1466	88.1415
1467	93.4861
1468	92.323
1469	92.6397
1470	92.562
1471	88.4923
1472	91.0093
1473	88.8845
1474	89.1634
1475	89.4469
1476	86.865
1477	85.7826
1478	89.6598
1479	90.5049
1480	94.5426
1481	93.8903
1482	95.6716
1483	96.3003
1484	94.4505
1485	95.8107
1486	95.4765
1487	100.314
1488	98.9944
1489	99.8276
1490	98.6784
1491	97.5372
1492	95.4557
1493	92.5644
1494	90.2963
1495	87.2727
1496	89.0482
1497	87.9337
1498	87.7614
1499	83.4388
1500	85.3052
1501	87.0561
1502	87.0266
1503	87.6601
1504	88.9747
1505	86.2895
1506	93.055
1507	91.3542
1508	89.4864
1509	91.651
1510	92.8878
1511	93.7134
1512	91.828
1513	93.9051
1514	98.698
1515	99.7642
1516	97.9499
1517	99.0615
1518	99.3728
1519	98.1559
1520	96.2766
1521	92.9131
1522	90.156
1523	91.6655
1524	94.1437
1525	95.841
1526	96.1577
1527	93.7016
1528	99.1676
1529	99.2124
1530	94.717
1531	92.7722
1532	89.7835
1533	91.0415
1534	92.239
1535	89.9234
1536	91.2447
1537	94.9684
1538	92.3368
1539	92.9935
1540	93.9515
1541	92.1884
1542	90.6915
1543	94.5624
1544	93.4243
1545	92.9154
1546	91.95
1547	90.6913
1548	91.7201
1549	90.2604
1550	95.3081
1551	95.7415
1552	94.6791
1553	92.6913
1554	97.3346
1555	98.494
1556	96.8989
1557	99.6704
1558	100.176
1559	99.5079
1560	95.1992
1561	91.5809
1562	91.5006
1563	90.6585
1564	96.95
1565	93.6975
1566	91.7761
1567	89.7621
1568	94.8606
1569	97.5655
1570	101.203
1571	103.218
1572	100.741
1573	95.5395
1574	95.7097
1575	93.1374
1576	95.2735
1577	95.3266
1578	90.6467
1579	93.6725
1580	91.5914
1581	90.2734
1582	93.903
1583	91.0696
1584	91.3882
1585	95.5049
1586	99.3207
1587	94.5204
1588	93.6238
1589	92.5508
1590	95.502
1591	97.1969
1592	94.6467
1593	90.1689
1594	94.578
1595	93.2997
1596	90.5526
1597	85.2624
1598	83.9591
1599	84.0884
1600	84.8716
1601	89.2005
1602	93.056
1603	97.951
1604	95.6878
1605	93.2323
1606	92.4143
1607	93.9581
1608	96.8112
1609	94.3189
1610	92.6164
1611	91.7957
1612	95.7255
1613	98.183
1614	100.804
1615	97.8937
1616	95.625
1617	93.3119
1618	89.2113
1619	94.6672
1620	95.9191
1621	97.0195
1622	96.9934
1623	96.8754
1624	94.9284
1625	92.92
1626	95.7824
1627	94.7589
1628	95.2356
1629	96.6812
1630	93.3335
1631	99.7453
1632	98.6783
1633	97.7584
1634	97.0925
1635	93.1756
1636	88.2402
1637	90.4873
1638	91.1845
1639	90.0442
1640	91.1918
1641	90.053
1642	88.794
1643	88.5201
1644	90.3048
1645	92.9101
1646	91.9578
1647	92.5842
1648	95.1521
1649	95.8354
1650	97.3457
1651	98.7102
1652	99.2165
1653	99.9834
1654	102.122
1655	98.4817
1656	97.103
1657	96.0188
1658	96.281
1659	91.6651
1660	92.0095
1661	87.0114
1662	88.1608
1663	90.9232
1664	92.2959
1665	94.5899
1666	92.1328
1667	92.8881
1668	97.0916
1669	101.644
1670	97.0287
1671	96.0676
1672	94.2951
1673	97.3235
1674	94.2345
1675	91.1603
1676	94.1499
1677	94.5331
1678	92.493
1679	89.5459
1680	92.5871
1681	90.6581
1682	91.5697
1683	95.8087
1684	96.0704
1685	98.48
1686	99.8303
1687	98.9563
1688	97.5449
1689	100.755
1690	96.8811
1691	94.3489
1692	93.0055
1693	97.3349
1694	95.6026
1695	93.4838
1696	94.1708
1697	93.3231
1698	93.0788
1699	92.6203
1700	92.7996
1701	87.5181
1702	89.8702
1703	92.9014
1704	91.6404
1705	94.1912
1706	92.8938
1707	92.747
1708	93.187
1709	94.3863
1710	95.1776
1711	91.6117
1712	92.5283
1713	95.2859
1714	95.3383
1715	94.7547
1716	95.1719
1717	92.2882
1718	97.9363
1719	98.6676
1720	98.7283
1721	101.04
1722	98.9872
1723	96.6387
1724	97.3224
1725	98.6808
1726	94.5364
1727	96.4608
1728	96.3404
1729	94.7192
1730	95.5384
1731	93.3394
1732	96.8507
1733	97.522
1734	95.8311
1735	93.4926
1736	94.1615
1737	94.9806
1738	93.1976
1739	92.4796
1740	88.0967
1741	90.5549
1742	89.0741
1743	92.557
1744	91.3623
1745	93.283
1746	93.3129
1747	92.8715
1748	95.4639
1749	98.137
1750	95.9875
1751	94.6697
1752	93.4959
1753	91.2111
1754	91.1427
1755	93.8712
1756	94.6855
1757	97.5882
1758	94.2975
1759	93.327
1760	97.0981
1761	97.89
1762	94.5685
1763	95.1357
1764	94.9056
1765	97.7152
1766	99.3256
1767	96.5742
1768	96.414
1769	96.5781
1770	95.5639
1771	94.9109
1772	94.7644
1773	94.2694
1774	93.023
1775	93.3393
1776	90.4814
1777	85.9988
1778	85.807
1779	84.3407
1780	84.0881
1781	78.3735
1782	79.7175
1783	79.8399
1784	79.4595
1785	77.574
1786	77.5387
1787	76.9186
1788	75.474
1789	77.4212
1790	77.2448
1791	76.682
1792	76.6363
1793	79.9099
1794	78.902
1795	80.5759
1796	83.0689
1797	84.6046
1798	83.8041
1799	87.8142
1800	85.5492
1801	87.0695
1802	87.7032
1803	85.1921
1804	85.9325
1805	89.4632
1806	92.8817
1807	98.6132
1808	99.3842
1809	101.238
1810	99.5416
1811	97.9463
1812	96.4924
1813	92.3291
1814	92.4852
1815	96.8608
1816	98.0237
1817	94.3673
1818	92.8391
1819	94.9893
1820	94.9319
1821	93.8917
1822	93.1214
1823	96.6601
1824	94.4262
1825	90.7682
1826	89.9238
1827	93.6817
1828	93.9302
1829	96.3296
1830	97.1996
1831	94.2941
1832	93.524
1833	93.7586
1834	92.1939
1835	94.4494
1836	98.7346
1837	100.392
1838	99.3368
1839	96.9906
1840	96.3331
1841	96.9005
1842	97.3295
1843	96.4056
1844	94.0913
1845	90.8454
1846	92.6372
1847	91.3238
1848	93.2169
1849	89.3144
1850	90.1971
1851	89.1427
1852	94.2843
1853	91.0857
1854	93.0882
1855	90.8576
1856	89.2798
1857	89.8563
1858	92.4906
1859	92.8157
1860	88.7994
1861	88.9165
1862	89.2066
1863	91.4411
1864	90.7728
1865	88.6864
1866	86.346
1867	82.2825
1868	80.0884
1869	86.5974
1870	85.0515
1871	84.9384
1872	82.643
1873	83.3675
1874	82.569
1875	79.3082
1876	83.6231
1877	80.9188
1878	76.2373
1879	78.0448
1880	81.1639
1881	88.5543
1882	92.0232
1883	95.8707
1884	97.2676
1885	98.1602
1886	94.4712
1887	96.8346
1888	93.0349
1889	89.7121
1890	87.614
1891	90.1996
1892	94.0157
1893	91.3614
1894	89.1815
1895	86.2301
1896	84.7687
1897	88.6325
1898	89.0799
1899	88.4854
1900	85.4737
1901	79.3407
1902	80.2171
1903	83.3398
1904	81.2832
1905	84.9013
1906	91.299
1907	93.2245
1908	92.6523
1909	90.6996
1910	88.6781
1911	94.3828
1912	98.1343
1913	96.3731
1914	96.5897
1915	94.3368
1916	92.9274
1917	89.3207
1918	87.1593
1919	85.1312
1920	82.0923
1921	81.3146
1922	78.584
1923	80.1563
1924	77.8178
1925	81.6085
1926	82.1092
1927	87.9958
1928	86.882
1929	85.1958
1930	83.4024
1931	80.7419
1932	79.7114
1933	81.7566
1934	82.755
1935	82.3751
1936	81.0947
1937	80.3656
1938	79.8143
1939	76.9687
1940	76.9275
1941	76.5083
1942	77.0662
1943	77.8346
1944	73.1897
1945	80.718
1946	79.8763
1947	85.3718
1948	84.7003
1949	82.3538
1950	81.8326
1951	77.7014
1952	74.3355
1953	73.8296
1954	76.3352
1955	77.3085
1956	81.5367
1957	76.7262
1958	72.3169
1959	76.6811
1960	79.4172
1961	76.2732
1962	77.9509
1963	74.9227
1964	78.574
1965	80.5794
1966	78.7087
1967	78.4852
1968	83.2649
1969	80.7908
1970	81.1744
1971	76.4745
1972	86.3611
1973	90.9494
1974	88.7625
1975	90.9624
1976	90.8001
1977	87.332
1978	84.1018
1979	84.1384
1980	84.3929
1981	87.0704
1982	87.7703
1983	87.3093
1984	83.6004
1985	78.7657
1986	77.138
1987	74.9398
1988	74.3169
1989	78.9768
1990	82.1718
1991	83.0277
1992	83.1888
1993	86.2806
1994	86.2462
1995	84.021
1996	82.8783
1997	84.9844
1998	84.1297
1999	85.2078
2000	80.4775
2001	83.665
2002	83.798
2003	84.2513
2004	81.4937
2005	80.2127
2006	79.6813
2007	85.0639
2008	84.7087
2009	81.4047
2010	82.0532
2011	83.1469
2012	81.0093
2013	80.2466
2014	80.9602
2015	81.5148
2016	82.4868
2017	79.7827
2018	81.6442
2019	82.2846
2020	83.0122
2021	79.1258
2022	78.82
2023	80.9442
2024	84.489
2025	88.6877
2026	89.4451
2027	90.6447
2028	89.6223
2029	88.4654
2030	90.6604
2031	93.7901
2032	93.9477
2033	94.734
2034	91.7789
2035	90.8076
2036	89.9313
2037	91.1061
2038	89.933
2039	87.511
2040	86.4132
2041	87.5637
2042	90.7514
2043	88.5239
2044	87.5574
2045	87.1222
2046	89.69
2047	90.0533
2048	93.5198
2049	93.2249
2050	93.7085
2051	92.1413
2052	94.8863
2053	93.9052
2054	95.3087
2055	95.5069
2056	97.835
2057	94.7712
2058	92.0532
2059	91.1124
2060	90.3082
2061	85.3701
2062	85.8232
2063	87.143
2064	84.6423
2065	84.692
2066	83.0809
2067	79.7908
2068	80.1684
2069	83.5583
2070	86.4226
2071	86.3325
2072	85.4996
2073	88.789
2074	86.379
2075	84.047
2076	84.5139
2077	87.5793
2078	87.0474
2079	85.3561
2080	90.5899
2081	90.4017
2082	92.0481
2083	94.4321
2084	91.2311
2085	88.8414
2086	89.987
2087	90.2217
2088	88.7907
2089	90.5641
2090	87.4063
2091	88.8892
2092	90.3887
2093	89.4544
2094	87.2501
2095	86.6871
2096	88.2942
2097	88.4712
2098	85.9756
2099	88.1538
2100	92.0832
2101	89.5126
2102	85.5013
2103	91.103
2104	89.9322
2105	89.0557
2106	90.3752
2107	91.6449
2108	94.8199
2109	98.8028
2110	100.112
2111	102.899
2112	105.476
2113	104.329
2114	102.185
2115	100.419
2116	98.0512
2117	97.5636
2118	98.9854
2119	96.5473
2120	95.7346
2121	92.3414
2122	91.0419
2123	91.766
2124	94.1062
2125	96.9743
2126	96.749
2127	97.419
2128	96.8792
2129	96.4249
2130	95.0862
2131	94.871
2132	96.2699
2133	97.6051
2134	96.1556
2135	98.4394
2136	100.357
2137	98.1344
2138	96.1247
2139	95.9164
2140	94.1693
2141	94.4036
2142	96.8172
2143	96.7691
2144	98.1649
2145	95.9173
2146	100.996
2147	99.0715
2148	98.2842
2149	92.0091
2150	85.9349
2151	79.3435
2152	83.1808
2153	81.4192
2154	76.4261
2155	73.1175
2156	71.5773
2157	73.5643
2158	72.876
2159	71.8184
2160	69.6729
2161	67.6568
2162	67.9162
2163	71.3956
2164	71.0346
2165	72.2712
2166	69.0241
2167	66.2661
2168	71.437
2169	71.222
2170	70.3282
2171	67.7997
2172	73.3911
2173	73.9079
2174	76.5347
2175	83.2099
2176	82.3072
2177	86.1885
2178	86.4401
2179	84.127
2180	86.5421
2181	89.9984
2182	92.274
2183	91.7594
2184	87.5172
2185	86.4633
2186	89.9563
2187	91.5299
2188	88.6132
2189	88.0163
2190	85.2778
2191	85.3967
2192	83.8199
2193	82.4102
2194	82.288
2195	86.2705
2196	90.1127
2197	92.695
2198	92.7033
2199	92.3422
2200	93.5298
2201	92.6899
2202	92.8662
2203	94.5165
2204	98.3507
2205	95.6454
2206	97.1143
2207	94.5238
2208	97.3307
2209	97.4938
2210	96.1406
2211	96.9614
2212	99.805
2213	97.5334
2214	97.4895
2215	94.0225
2216	97.7203
2217	96.0781
2218	97.4678
2219	95.3707
2220	94.5068
2221	89.7952
2222	86.9762
2223	84.7213
2224	88.3265
2225	88.4794
2226	89.1254
2227	91.343
2228	90.3116
2229	95.0802
2230	95.4812
2231	98.2049
2232	98.9651
2233	101.419
2234	99.4589
2235	100.497
2236	97.4703
2237	98.1249
2238	96.6545
2239	93.9097
2240	92.2128
2241	89.037
2242	86.8327
2243	83.1856
2244	78.2558
2245	79.2833
2246	76.2772
2247	80.0746
2248	80.1391
2249	82.4399
2250	79.8538
2251	78.7841
2252	76.8924
2253	77.6333
2254	80.5817
2255	80.8938
2256	83.8259
2257	83.5745
2258	80.7341
2259	78.7181
2260	75.2633
2261	74.8919
2262	73.8117
2263	65.584
2264	63.7073
2265	61.5345
2266	62.381
2267	57.7768
2268	61.696
2269	61.9004
2270	62.6592
2271	61.7025
2272	65.2653
2273	63.7456
2274	59.7972
2275	61.8912
2276	61.589
2277	65.6534
2278	72.5583
2279	78.5476
2280	72.3649
2281	75.6289
2282	78.5154
2283	81.4413
2284	80.5378
2285	78.8804
2286	76.2119
2287	78.3569
2288	76.4922
2289	79.6374
2290	80.3429
2291	84.3585
2292	81.5532
2293	88.542
2294	84.7101
2295	89.5708
2296	90.8772
2297	97.0175
2298	98.5162
2299	90.3227
2300	90.2273
2301	91.0056
2302	90.434
2303	91.7471
2304	88.0204
2305	92.2401
2306	91.9138
2307	93.9362
2308	94.7453
2309	95.9933
2310	95.801
2311	96.8729
2312	97.2876
2313	96.6925
2314	92.9425
2315	92.922
2316	93.3354
2317	92.6739
2318	94.31
2319	92.8919
2320	90.3564
2321	90.5774
2322	88.6623
2323	93.1384
2324	96.7965
2325	96.7323
2326	95.784
2327	94.7861
2328	99.0197
2329	101.187
2330	100.448
2331	99.5545
2332	95.5809
2333	93.1324
2334	94.8876
2335	92.0745
2336	96.7678
2337	97.7352
2338	98.3671
2339	99.3427
2340	97.2073
2341	95.4426
2342	97.0153
2343	99.2364
2344	98.084
2345	98.3176
2346	94.1717
2347	96.4268
2348	99.6385
2349	98.6881
2350	99.3425
2351	103.979
2352	98.2197
2353	98.2137
2354	94.8485
2355	90.601
2356	89.2434
2357	87.1636
2358	85.6262
2359	90.6899
2360	89.6616
2361	92.8069
2362	90.4331
2363	91.8559
2364	92.2665
2365	95.7429
2366	93.5383
2367	86.6983
2368	88.4305
2369	87.9035
2370	89.6131
2371	90.2822
2372	89.4641
2373	91.898
2374	88.2815
2375	87.204
2376	84.6674
2377	87.5009
2378	89.3416
2379	92.1143
2380	94.5904
2381	91.652
2382	95.3986
2383	93.2145
2384	92.515
2385	89.286
2386	89.4744
2387	89.18
2388	89.0825
2389	91.9223
2390	96.8064
2391	94.5105
2392	97.1036
2393	98.3911
2394	97.1078
2395	98.9618
2396	97.3043
2397	97.1951
2398	93.8408
2399	89.5455
2400	88.2597
2401	91.1819
2402	87.1093
2403	86.5725
2404	88.341
2405	89.0413
2406	87.7498
2407	86.9235
2408	89.5165
2409	93.4794
2410	95.9592
2411	100.618
2412	98.6929
2413	99.7871
2414	98.8085
2415	97.7099
2416	98.0972
2417	102.268
2418	99.8998
2419	100.367
2420	98.1279
2421	97.1901
2422	97.5902
2423	92.9276
2424	94.6225
2425	93.116
2426	91.6442
2427	91.4147
2428	86.8321
2429	89.4642
2430	87.463
2431	89.7103
2432	91.1819
2433	90.1654
2434	86.8867
2435	87.0189
2436	86.0285
2437	83.4782
2438	78.1868
2439	74.7135
2440	78.9052
2441	80.7818
2442	81.3463
2443	80.6994
2444	75.5698
2445	73.2775
2446	69.2525
2447	71.3409
2448	72.9009
2449	78.0525
2450	79.9142
2451	82.4898
2452	80.9289
2453	81.2353
2454	79.184
2455	83.9339
2456	86.6488
2457	88.9462
2458	88.5705
2459	88.3508
2460	90.6617
2461	89.6231
2462	90.7741
2463	90.1318
2464	91.2617
2465	84.1767
2466	84.4385
2467	85.1244
2468	86.6727
2469	86.4487
2470	83.0556
2471	81.3533
2472	77.9859
2473	85.37
2474	86.6006
2475	83.5224
2476	81.284
2477	82.0037
2478	83.0293
2479	82.0765
2480	83.397
2481	82.3421
2482	81.381
2483	83.3784
2484	78.93
2485	78.7394
2486	82.0852
2487	80.1141
2488	78.8814
2489	85.1224
2490	88.7231
2491	95.3341
2492	97.6802
2493	94.5589
2494	99.0932
2495	99.9433
2496	100.918
2497	98.6849
2498	97.6339
2499	100.018
2500	98.1377
2501	95.1368
2502	93.9443
2503	92.0452
2504	91.9739
2505	92.645
2506	92.4095
2507	92.1741
2508	94.6458
2509	91.5362
2510	87.999
2511	93.1786
2512	93.2981
2513	96.419
2514	97.0221
2515	101.158
2516	101.85
2517	98.0375
2518	98.4692
2519	95.1955
2520	98.0711
2521	98.5912
2522	98.2873
2523	99.4661
2524	96.7319
2525	97.1904
2526	95.3594
2527	95.2087
2528	98.6011
2529	97.599
2530	97.1124
2531	96.1211
2532	93.8343
2533	93.1818
2534	93.9152
2535	93.4199
2536	95.9628
2537	95.5782
2538	92.9182
2539	90.195
2540	93.5828
2541	92.1305
2542	94.1568
2543	91.4862
2544	91.1562
2545	95.5003
2546	96.0643
2547	95.4595
2548	94.384
2549	96.7975
2550	98.5792
2551	96.3543
2552	99.1792
2553	97.938
2554	96.8944
2555	98.6222
2556	98.9955
2557	95.0995
2558	100.228
2559	96.3755
2560	95.0361
2561	97.5197
2562	96.4817
2563	94.7569
2564	96.5152
2565	90.7397
2566	93.1418
2567	94.9301
2568	96.4451
2569	98.8127
2570	99.5367
2571	98.2406
2572	98.9204
2573	95.7816
2574	93.6192
2575	90.4413
2576	90.4033
2577	84.268
2578	83.5488
2579	83.7683
2580	86.7352
2581	86.6523
2582	83.3315
2583	85.3007
2584	88.535
2585	90.8597
2586	91.2078
2587	91.057
2588	91.7165
2589	87.4928
2590	91.0185
2591	89.8656
2592	92.8918
2593	89.6895
2594	91.4532
2595	94.1959
2596	95.1082
2597	92.2023
2598	90.347
2599	93.4132
2600	92.0938
2601	93.7236
2602	93.2705
2603	96.0533
2604	94.0369
2605	96.352
2606	96.4981
2607	101.453
2608	97.9632
2609	95.8586
2610	93.0702
2611	95.8361
2612	97.0413
2613	99.6592
2614	95.5043
2615	97.4047
2616	96.5572
2617	95.9801
2618	97.5337
2619	93.2794
2620	94.8087
2621	96.2176
2622	92.8743
2623	93.6272
2624	91.7004
2625	88.3088
2626	88.2083
2627	89.1146
2628	88.3912
2629	87.7312
2630	86.3343
2631	84.8395
2632	83.1831
2633	84.6883
2634	89.5123
2635	87.5303
2636	86.6239
2637	84.702
2638	85.5166
2639	89.6857
2640	88.09
2641	84.6554
2642	85.8987
2643	82.8749
2644	83.0638
2645	83.1831
2646	80.5817
2647	80.7456
2648	80.4992
2649	85.3646
2650	87.5168
2651	87.155
2652	91.3843
2653	93.6271
2654	90.1885
2655	90.0844
2656	93.9952
2657	93.6461
2658	95.5092
2659	93.7556
2660	93.0598
2661	98.7137
2662	98.6279
2663	98.8265
2664	98.6137
2665	95.1403
2666	91.7916
2667	90.3717
2668	94.1149
2669	96.8448
2670	97.5569
2671	95.9123
2672	94.3451
2673	99.2818
2674	99.856
2675	98.414
2676	99.6298
2677	99.2669
2678	97.7907
2679	96.9246
2680	94.6492
2681	93.3333
2682	94.7602
2683	94.5268
2684	95.0048
2685	93.6729
2686	94.1241
2687	90.8406
2688	92.7101
2689	94.663
2690	93.8528
2691	93.2469
2692	93.0493
2693	91.1641
2694	91.1087
2695	93.4981
2696	89.3608
2697	93.1612
2698	95.0803
2699	97.2714
2700	94.3679
2701	94.6058
2702	92.1638
2703	90.3874
2704	88.5566
2705	88.9929
2706	83.6999
2707	81.2513
2708	82.2675
2709	80.9461
2710	83.8567
2711	82.7244
2712	82.9804
2713	78.5161
2714	80.302
2715	81.1837
2716	81.5004
2717	80.0746
2718	83.0148
2719	83.4032
2720	83.5186
2721	84.3573
2722	85.5603
2723	87.7592
2724	88.586
2725	87.2641
2726	85.4845
2727	85.8104
2728	86.5623
2729	86.9359
2730	85.6855
2731	86.4094
2732	87.7
2733	85.9682
2734	83.4708
2735	81.6623
2736	78.7558
2737	83.0626
2738	85.3064
2739	88.48
2740	91.933
2741	94.3818
2742	87.7154
2743	89.6589
2744	85.7508
2745	92.6427
2746	92.4554
2747	94.2268
2748	93.6677
2749	92.7458
2750	87.3811
2751	87.3598
2752	85.9861
2753	85.7665
2754	87.9159
2755	89.6169
2756	93.1891
2757	94.1236
2758	92.578
2759	93.0935
2760	90.3738
2761	91.3362
2762	85.4491
2763	87.708
2764	90.9954
2765	92.411
2766	95.0377
2767	97.7472
2768	98.6336
2769	98.3707
2770	94.2438
2771	97.4628
2772	94.8309
2773	95.9571
2774	95.1598
2775	96.092
2776	99.1808
2777	93.5428
2778	97.7463
2779	100.01
2780	97.9642
2781	96.5162
2782	99.0974
2783	98.427
2784	97.7581
2785	92.9052
2786	96.1834
2787	100.032
2788	101.125
2789	98.7015
2790	98.0178
2791	98.8575
2792	99.5477
2793	100.783
2794	100.844
2795	101.593
2796	101.729
2797	99.0972
2798	98.1718
2799	99.0105
2800	98.7305
2801	99.7622
2802	97.9036
2803	97.9057
2804	97.2549
2805	101.067
2806	102.639
2807	103.378
2808	103.014
2809	98.3899
2810	96.7742
2811	96.5186
2812	97.2905
2813	96.7444
2814	96.1965
2815	92.8474
2816	90.5526
2817	94.7162
2818	97.3218
2819	95.9469
2820	98.0617
2821	98.3954
2822	95.5646
2823	99.7459
2824	102.849
2825	99.4506
2826	96.7988
2827	94.8286
2828	92.7902
2829	89.5957
2830	86.6753
2831	81.3716
2832	77.8868
2833	80.5972
2834	80.27
2835	82.4461
2836	86.7689
2837	86.771
2838	84.7313
2839	83.7932
2840	80.184
2841	78.7012
2842	83.5609
2843	84.168
2844	86.1083
2845	90.8345
2846	88.531
2847	89.8921
2848	89.8828
2849	88.8013
2850	89.9959
2851	91.2514
2852	94.1767
2853	92.2336
2854	91.8774
2855	88.9582
2856	87.6592
2857	88.526
2858	93.0563
2859	97.9689
2860	95.4081
2861	99.1404
2862	98.4044
2863	97.9644
2864	97.1763
2865	99.5644
2866	97.8471
2867	97.5619
2868	96.413
2869	95.4203
2870	94.8774
2871	98.9574
2872	101.018
2873	99.5442
2874	98.5271
2875	99.6315
2876	97.1657
2877	95.0873
2878	93.4293
2879	94.6397
2880	92.2605
2881	94.8431
2882	90.7363
2883	93.4634
2884	92.9353
2885	89.7689
2886	88.7943
2887	87.0216
2888	88.7578
2889	84.4556
2890	85.6613
2891	85.2758
2892	85.7196
2893	85.6458
2894	85.6581
2895	79.78
2896	78.4712
2897	81.1186
2898	80.9935
2899	84.6708
2900	85.715
2901	86.5195
2902	86.848
2903	85.9506
2904	88.2408
2905	90.4761
2906	91.625
2907	94.8543
2908	93.3084
2909	93.9676
2910	93.6947
2911	91.603
2912	87.9637
2913	84.7064
2914	86.0578
2915	88.143
2916	86.3823
2917	85.6961
2918	85.7702
2919	86.6236
2920	86.113
2921	84.6535
2922	85.0328
2923	89.6835
2924	88.3644
2925	86.2951
2926	83.0494
2927	82.3973
2928	83.6406
2929	78.4893
2930	77.4506
2931	79.0725
2932	79.8202
2933	73.6464
2934	79.4426
2935	84.5591
2936	86.7122
2937	84.8721
2938	87.5568
2939	86.0434
2940	85.6766
2941	83.7275
2942	86.2869
2943	83.6091
2944	83.6587
2945	84.6272
2946	83.4424
2947	84.0904
2948	84.2364
2949	79.6874
2950	83.0813
2951	83.6876
2952	81.8013
2953	81.134
2954	84.0874
2955	84.9133
2956	89.275
2957	93.5405
2958	94.6595
2959	93.82
2960	95.6021
2961	93.4422
2962	86.2914
2963	87.2577
2964	82.1224
2965	80.8211
2966	83.3172
2967	78.9764
2968	77.4042
2969	80.1315
2970	82.1888
2971	79.8582
2972	75.6645
2973	79.1682
2974	76.4068
2975	79.7251
2976	78.742
2977	76.7098
2978	79.023
2979	83.8988
2980	82.5359
2981	80.6838
2982	82.0936
2983	82.6994
2984	83.4788
2985	81.2874
2986	82.4732
2987	80.0341
2988	74.3938
2989	69.3779
2990	71.3066
2991	71.0953
2992	72.3471
2993	74.8404
2994	73.9089
2995	75.6879
2996	76.0349
2997	69.9955
2998	71.459
2999	72.4273
3000	68.7674
3001	66.4556
3002	65.0087
3003	64.5893
3004	66.3427
3005	67.6132
3006	66.4921
3007	65.5913
3008	67.3263
3009	65.6521
3010	64.61
3011	62.598
3012	71.0087
3013	67.3112
3014	72.5299
3015	67.6671
3016	68.2731
3017	69.1913
3018	71.4054
3019	75.0986
3020	73.0373
3021	75.3328
3022	75.2415
3023	76.7438
3024	78.8038
3025	77.974
3026	75.8137
3027	75.2881
3028	78.2355
3029	77.654
3030	76.8907
3031	76.55
3032	78.6654
3033	78.0169
3034	80.6264
3035	85.2851
3036	87.7296
3037	90.3879
3038	88.5966
3039	88.0008
3040	86.7731
3041	87.3105
3042	90.7837
3043	90.9807
3044	92.0479
3045	94.6594
3046	92.9294
3047	95.2275
3048	96.9861
3049	95.1704
3050	94.0163
3051	94.2217
3052	93.3899
3053	95.6583
3054	93.4961
3055	93.0306
3056	92.1414
3057	97.4749
3058	98.7201
3059	98.5712
3060	99.7405
3061	99.0569
3062	101.676
3063	102.976
3064	98.1761
3065	97.5564
3066	98.0465
3067	94.7135
3068	94.8373
3069	96.1537
3070	94.7471
3071	94.4847
3072	96.2832
3073	96.1355
3074	92.2779
3075	89.7975
3076	88.6422
3077	89.1765
3078	93.7142
3079	89.5284
3080	92.9287
3081	90.2283
3082	89.8642
3083	89.9269
3084	92.8738
3085	94.0589
3086	93.2723
3087	98.1359
3088	102.227
3089	100.508
3090	99.7099
3091	97.4629
3092	93.2469
3093	90.8806
3094	91.6993
3095	89.5595
3096	90.0684
3097	93.0755
3098	92.9998
3099	92.6808
3100	90.6591
3101	91.588
3102	92.8202
3103	87.3218
3104	87.9962
3105	87.9202
3106	89.0937
3107	85.3703
3108	87.8337
3109	87.3778
3110	88.906
3111	89.7025
3112	89.1661
3113	91.1247
3114	90.2654
3115	91.8516
3116	92.5695
3117	95.0979
3118	97.1653
3119	96.5109
3120	94.9467
3121	95.7475
3122	95.6153
3123	96.1448
3124	98.4759
3125	97.1641
3126	98.1873
3127	99.1651
3128	97.0223
3129	94.1415
3130	91.7798
3131	90.0812
3132	92.7556
3133	88.7069
3134	86.538
3135	86.1175
3136	87.1015
3137	90.7028
3138	95.0167
3139	97.4509
3140	99.7772
3141	101.756
3142	100.754
3143	100.185
3144	97.3027
3145	94.4594
3146	95.018
3147	95.3792
3148	90.5464
3149	85.089
3150	85.6474
3151	88.7341
3152	92.602
3153	96.6279
3154	96.4674
3155	96.081
3156	97.5894
3157	95.4531
3158	92.7448
3159	90.9062
3160	91.4261
3161	94.4702
3162	95.7543
3163	99.788
3164	101.36
3165	99.2608
3166	100.12
3167	95.8062
3168	93.1044
3169	95.0203
3170	91.1368
3171	92.7263
3172	92.8658
3173	93.3708
3174	96.3223
3175	95.1504
3176	96.6557
3177	98.3058
3178	98.2111
3179	96.7323
3180	93.575
3181	90.5044
3182	93.6308
3183	90.8436
3184	93.1346
3185	93.0559
3186	92.9508
3187	92.1621
3188	94.1918
3189	94.3018
3190	94.0494
3191	93.626
3192	89.7661
3193	87.1365
3194	88.6276
3195	90.6375
3196	91.7708
3197	92.5985
3198	93.5653
3199	93.5854
3200	92.5093
3201	90.653
3202	88.7775
3203	90.5682
3204	91.1793
3205	95.6154
3206	97.0749
3207	97.1801
3208	95.9951
3209	96.3969
3210	91.5367
3211	89.9258
3212	95.5802
3213	93.7039
3214	94.8781
3215	96.4187
3216	97.0821
3217	98.095
3218	97.1795
3219	99.2871
3220	97.1303
3221	95.0595
3222	97.3564
3223	95.6053
3224	98.3806
3225	96.7565
3226	98.1355
3227	95.6676
3228	93.0723
3229	92.0925
3230	92.4394
3231	95.359
3232	97.0464
3233	98.6809
3234	100.879
3235	98.8552
3236	98.117
3237	94.4416
3238	93.0957
3239	94.9366
3240	98.0782
3241	96.5915
3242	96.3969
3243	93.0322
3244	83.7749
3245	86.3376
3246	85.4305
3247	82.7739
3248	82.5459
3249	79.8868
3250	76.9452
3251	76.0101
3252	74.6619
3253	73.3606
3254	68.4596
3255	69.5333
3256	72.7954
3257	74.3548
3258	75.0788
3259	78.9012
3260	82.5755
3261	86.7309
3262	84.8058
3263	85.8982
3264	85.059
3265	85.2939
3266	87.2903
3267	86.9748
3268	89.281
3269	87.7871
3270	89.2785
3271	88.0838
3272	85.5311
3273	86.4631
3274	85.4389
3275	88.2636
3276	86.7482
3277	83.9671
3278	84.312
3279	91.2965
3280	91.3492
3281	92.4879
3282	96.4408
3283	91.9088
3284	94.1432
3285	90.0862
3286	90.1212
3287	90.4725
3288	90.2292
3289	91.0632
3290	92.4731
3291	89.2107
3292	94.7011
3293	90.4047
3294	90.5434
3295	94.5517
3296	90.4071
3297	91.5454
3298	91.7593
3299	91.0049
3300	92.0986
3301	93.2815
3302	89.6861
3303	90.6361
3304	94.654
3305	95.2617
3306	93.9244
3307	94.2266
3308	93.3402
3309	88.5081
3310	88.9302
3311	86.4153
3312	87.8956
3313	88.9981
3314	90.0657
3315	88.5403
3316	87.4137
3317	89.8056
3318	91.8942
3319	87.3598
3320	84.4378
3321	81.6989
3322	81.3983
3323	81.5797
3324	81.8127
3325	82.8959
3326	82.8851
3327	82.8714
3328	83.08
3329	87.0493
3330	82.9032
3331	84.9438
3332	87.2167
3333	84.7271
3334	85.1533
3335	85.2664
3336	86.5131
3337	90.6249
3338	96.7151
3339	96.0074
3340	95.429
3341	91.2252
3342	94.3471
3343	92.489
3344	94.8822
3345	89.6892
3346	89.6294
3347	86.815
3348	89.2913
3349	90.0306
3350	90.4857
3351	85.3467
3352	83.2581
3353	81.8108
3354	82.1636
3355	84.3463
3356	85.9703
3357	86.8508
3358	80.7324
3359	82.5612
3360	82.9073
3361	83.1802
3362	82.2017
3363	83.4744
3364	79.4945
3365	82.1774
3366	85.5021
3367	87.589
3368	90.3595
3369	94.8525
3370	93.176
3371	89.6586
3372	91.4796
3373	87.3374
3374	87.2652
3375	87.2385
3376	87.8795
3377	88.4273
3378	90.3889
3379	90.7688
3380	90.5646
3381	91.2609
3382	90.131
3383	89.2506
3384	92.8765
3385	90.5743
3386	90.1844
3387	88.7833
3388	90.2834
3389	90.3767
3390	90.5333
3391	93.2435
3392	94.3121
3393	92.8414
3394	92.5525
3395	88.6084
3396	87.621
3397	90.1574
3398	90.3423
3399	88.2307
3400	85.4028
3401	88.1923
3402	91.1844
3403	90.673
3404	92.8883
3405	95.6978
3406	93.8928
3407	93.4546
3408	90.2777
3409	93.3967
3410	91.143
3411	91.0502
3412	90.2388
3413	88.7778
3414	92.1679
3415	94.469
3416	88.8465
3417	89.3052
3418	90.9447
3419	91.2398
3420	91.2271
3421	89.4187
3422	90.5331
3423	92.8731
3424	95.4949
3425	96.8235
3426	96.5459
3427	95.7108
3428	91.1607
3429	92.0912
3430	88.09
3431	90.2993
3432	86.7899
3433	89.1115
3434	90.817
3435	86.4966
3436	92.7184
3437	89.6663
3438	91.3443
3439	94.0689
3440	95.8051
3441	99.3476
3442	99.9007
3443	93.2907
3444	92.6059
3445	92.0975
3446	91.7375
3447	92.3318
3448	91.951
3449	94.1773
3450	96.2165
3451	95.3522
3452	94.1063
3453	96.5032
3454	98.8588
3455	96.9857
3456	97.6091
3457	95.9455
3458	94.8752
3459	94.9069
3460	95.2763
3461	91.6683
3462	92.3241
3463	94.1148
3464	91.6987
3465	89.7239
3466	92.4398
3467	88.3526
3468	87.0545
3469	89.4244
3470	82.9706
3471	86.176
3472	86.0912
3473	86.8937
3474	85.7466
3475	84.415
3476	85.639
3477	89.1161
3478	90.1375
3479	89.9697
3480	90.9585
3481	89.0804
3482	89.5673
3483	90.4605
3484	89.8855
3485	92.1617
3486	87.8644
3487	86.0929
3488	85.8041
3489	82.8698
3490	83.851
3491	77.5903
3492	81.4858
3493	81.3665
3494	81.3442
3495	87.4072
3496	92.3058
3497	90.1276
3498	88.8604
3499	93.1424
3500	93.54
3501	94.8717
3502	93.7298
3503	96.2294
3504	100.847
3505	102.446
3506	98.0722
3507	96.0225
3508	98.5449
3509	95.3772
3510	93.132
3511	92.5634
3512	89.2874
3513	89.7825
3514	90.3777
3515	92.662
3516	91.5763
3517	88.9685
3518	87.3974
3519	91.491
3520	93.1805
3521	89.2671
3522	88.2623
3523	86.2727
3524	83.4637
3525	84.2851
3526	85.1299
3527	87.2555
3528	85.2266
3529	83.5668
3530	81.9446
3531	80.9696
3532	81.196
3533	76.1104
3534	73.6775
3535	72.7036
3536	70.6641
3537	71.8273
3538	69.7322
3539	71.6179
3540	72.7995
3541	70.2353
3542	70.5214
3543	70.4494
3544	69.1372
3545	66.918
3546	69.2744
3547	66.4281
3548	64.9839
3549	66.4487
3550	65.044
3551	64.9558
3552	67.7869
3553	69.0769
3554	63.5651
3555	65.8824
3556	68.1158
3557	66.9192
3558	65.8774
3559	65.8664
3560	67.3583
3561	68.7077
3562	71.9236
3563	69.3326
3564	70.5424
3565	72.0993
3566	74.9898
3567	68.7441
3568	70.4554
3569	67.574
3570	68.46
3571	69.2586
3572	70.1422
3573	71.6765
3574	70.3835
3575	71.1971
3576	72.2395
3577	73.9833
3578	73.5203
3579	74.5165
3580	75.2843
3581	77.2464
3582	83.1475
3583	82.4205
3584	80.5004
3585	83.6534
3586	81.6461
3587	85.6899
3588	83.6039
3589	82.465
3590	76.8475
3591	77.7722
3592	78.0195
3593	80.8999
3594	83.6475
3595	81.2177
3596	81.0972
3597	82.4302
3598	83.8582
3599	85.9748
3600	85.8676
3601	86.5278
3602	88.0688
3603	86.4346
3604	86.2849
3605	88.3042
3606	92.5116
3607	90.7084
3608	91.8021
3609	91.209
3610	94.239
3611	92.2499
3612	91.5238
3613	88.6091
3614	93.4182
3615	94.7654
3616	95.5576
3617	94.9149
3618	95.4745
3619	94.104
3620	92.4452
3621	91.8991
3622	92.5208
3623	93.3485
3624	92.8687
3625	90.9595
3626	89.5647
3627	85.949
3628	84.3943
3629	89.6258
3630	90.7135
3631	87.9997
3632	86.7562
3633	89.403
3634	90.3578
3635	88.7202
3636	90.4922
3637	91.4416
3638	95.1524
3639	97.5663
3640	98.2802
3641	99.9304
3642	95.9075
3643	95.1203
3644	95.3433
3645	95.0112
3646	94.1801
3647	95.9639
3648	91.6197
3649	93.1325
3650	92.8322
3651	96.8164
3652	93.9246
3653	93.8524
3654	92.8462
3655	94.9248
3656	96.2592
3657	97.5282
3658	96.547
3659	96.4795
3660	93.9568
3661	90.3211
3662	89.9519
3663	91.8413
3664	96.4757
3665	95.6224
3666	95.0307
3667	95.4236
3668	98.42
3669	97.0896
3670	94.5791
3671	97.4646
3672	94.4468
3673	94.5946
3674	94.1801
3675	95.4509
3676	91.3677
3677	94.2554
3678	94.7825
3679	95.8877
3680	98.8182
3681	98.1502
3682	96.27
3683	96.8514
3684	99.9191
3685	99.3843
3686	94.8925
3687	93.1586
3688	94.6715
3689	95.2492
3690	93.0541
3691	96.3442
3692	100.928
3693	102.727
3694	100.723
3695	100.155
3696	99.0335
3697	99.0286
3698	98.0416
3699	95.9875
3700	94.9565
3701	94.3168
3702	93.3448
3703	95.251
3704	97.0008
3705	94.9255
3706	97.2183
3707	96.1282
3708	94.3991
3709	91.6199
3710	91.9215
3711	93.8863
3712	92.9381
3713	98.828
3714	97.6436
3715	96.0481
3716	90.6583
3717	90.5722
3718	93.4259
3719	93.5325
3720	91.3747
3721	92.3004
3722	90.7342
3723	92.362
3724	91.3015
3725	93.9006
3726	98.144
3727	98.1113
3728	97.6038
3729	98.6407
3730	99.9034
3731	97.4325
3732	96.4427
3733	94.015
3734	87.6312
3735	88.0745
3736	89.0851
3737	87.1239
3738	87.3608
3739	89.4037
3740	89.9267
3741	89.1787
3742	87.214
3743	84.7875
3744	83.9739
3745	82.6689
3746	81.2882
3747	81.6537
3748	83.7866
3749	85.7145
3750	86.567
3751	86.2605
3752	84.3614
3753	87.3546
3754	86.6008
3755	84.7652
3756	86.5866
3757	87.4371
3758	84.7358
3759	88.3738
3760	85.9252
3761	86.4096
3762	88.5079
3763	87.6136
3764	85.9356
3765	91.1431
3766	92.032
3767	86.8372
3768	89.1153
3769	91.3012
3770	88.4688
3771	85.0434
3772	85.3458
3773	87.0626
3774	84.6451
3775	84.698
3776	80.911
3777	86.9335
3778	82.4014
3779	83.0404
3780	85.6305
3781	84.6418
3782	85.9194
3783	80.597
3784	81.6568
3785	84.6401
3786	78.9516
3787	80.9265
3788	78.0596
3789	77.3306
3790	80.6328
3791	79.5602
3792	78.9485
3793	78.9881
3794	83.5949
3795	80.6341
3796	78.2003
3797	73.8329
3798	75.165
3799	76.5223
3800	75.5898
3801	77.8327
3802	75.7195
3803	78.3105
3804	83.4527
3805	84.2867
3806	80.2872
3807	78.9314
3808	81.1069
3809	84.9266
3810	84.6959
3811	87.499
3812	82.05
3813	83.0274
3814	87.2121
3815	88.4567
3816	91.2172
3817	96.1967
3818	98.8233
3819	95.7008
3820	95.8271
3821	89.3722
3822	89.7138
3823	89.2147
3824	89.4676
3825	90.6361
3826	92.8706
3827	89.6407
3828	86.9946
3829	88.6452
3830	88.7114
3831	91.0272
3832	92.5023
3833	93.4442
3834	91.1104
3835	93.1476
3836	94.2047
3837	93.8428
3838	92.5699
3839	94.9566
3840	95.6512
3841	97.8135
3842	96.6741
3843	97.0503
3844	96.1294
3845	95.1141
3846	94.7072
3847	93.2488
3848	90.0182
3849	88.1707
3850	85.0233
3851	86.3005
3852	88.8744
3853	91.1095
3854	94.9334
3855	93.8464
3856	89.1445
3857	88.835
3858	91.9139
3859	90.22
3860	92.5882
3861	94.2463
3862	92.7916
3863	94.5983
3864	95.2895
3865	96.7692
3866	94.5936
3867	91.934
3868	88.6948
3869	90.0069
3870	89.5306
3871	90.9421
3872	91.2513
3873	92.1871
3874	90.2056
3875	91.1285
3876	93.5068
3877	92.652
3878	93.1855
3879	89.2325
3880	87.9304
3881	88.5739
3882	87.7616
3883	87.0635
3884	88.7104
3885	85.7975
3886	86.8626
3887	86.1605
3888	86.0068
3889	87.1111
3890	86.4873
3891	79.0874
3892	83.1235
3893	81.0994
3894	81.7199
3895	81.4612
3896	78.1477
3897	82.8977
3898	79.3666
3899	78.8045
3900	76.5777
3901	76.7
3902	72.7629
3903	77.415
3904	80.6055
3905	80.95
3906	82.1333
3907	80.8981
3908	81.756
3909	86.0853
3910	93.0804
3911	90.4859
3912	91.2794
3913	93.8273
3914	93.2416
3915	90.4701
3916	90.5903
3917	88.0391
3918	93.2344
3919	91.1974
3920	90.5984
3921	91.5575
3922	90.4365
3923	89.4558
3924	89.784
3925	88.8119
3926	92.7406
3927	93.5261
3928	95.0792
3929	92.4062
3930	96.3409
3931	98.8743
3932	95.6962
3933	94.588
3934	95.8064
3935	93.5372
3936	91.7748
3937	88.5656
3938	85.9194
3939	87.0547
3940	83.8702
3941	82.7662
3942	81.7573
3943	81.0975
3944	82.1459
3945	80.9212
3946	78.0007
3947	73.8002
3948	76.3943
3949	73.3798
3950	71.0821
3951	73.808
3952	76.6268
3953	80.4762
3954	81.2459
3955	83.2425
3956	82.3059
3957	83.6403
3958	84.6062
3959	84.0088
3960	84.1769
3961	82.193
3962	81.7055
3963	82.584
3964	85.2199
3965	86.8763
3966	90.3773
3967	92.4845
3968	93.5124
3969	94.691
3970	93.1501
3971	93.3697
3972	91.644
3973	86.175
3974	90.6865
3975	93.4812
3976	89.7124
3977	93.7473
3978	94.691
3979	93.6528
3980	88.0351
3981	88.6835
3982	86.2067
3983	90.7484
3984	94.389
3985	94.8169
3986	91.5011
3987	94.1753
3988	95.1679
3989	95.4871
3990	94.7777
3991	98.1042
3992	97.2114
3993	98.6984
3994	95.7569
3995	99.2738
3996	98.25
3997	95.2191
3998	93.3882
3999	85.4376
4000	82.4359
4001	85.1048
4002	84.2393
4003	83.8876
4004	84.1317
4005	85.687
4006	84.0283
4007	83.3194
4008	82.9909
4009	74.3649
4010	80.3798
4011	79.4885
4012	77.6489
4013	78.0246
4014	76.6137
4015	75.5193
4016	78.0133
4017	76.1227
4018	79.5928
4019	79.4854
4020	76.2559
4021	78.9712
4022	81.635
4023	75.9903
4024	78.9677
4025	84.8821
4026	84.2051
4027	87.4583
4028	85.8752
4029	84.246
4030	80.4727
4031	81.4215
4032	83.6241
4033	86.397
4034	86.2634
4035	90.4106
4036	96.037
4037	95.0389
4038	92.5476
4039	93.7778
4040	89.3393
4041	91.1544
4042	90.4542
4043	88.4884
4044	87.7065
4045	85.4813
4046	85.588
4047	89.6455
4048	86.5205
4049	83.6649
4050	84.5512
4051	82.5611
4052	82.3025
4053	86.4667
4054	85.953
4055	87.0698
4056	90.6016
4057	91.6125
4058	89.949
4059	92.9429
4060	95.0409
4061	90.0888
4062	89.1529
4063	84.8017
4064	90.5832
4065	95.0403
4066	93.4493
4067	90.1994
4068	88.2997
4069	85.7894
4070	90.1142
4071	88.0098
4072	87.6998
4073	84.6141
4074	85.6032
4075	86.2573
4076	85.7092
4077	85.577
4078	84.5922
4079	88.8816
4080	88.523
4081	86.1791
4082	88.3023
4083	85.5674
4084	87.3136
4085	88.8386
4086	87.7987
4087	90.1019
4088	90.7272
4089	87.3901
4090	85.3179
4091	88.0603
4092	89.6878
4093	93.6721
4094	94.4089
4095	93.813
4096	96.9824
4097	95.5432
4098	92.1272
4099	93.3731
4100	91.1206
4101	84.4677
4102	82.9857
4103	84.5244
4104	80.7869
4105	80.691
4106	83.516
4107	82.962
4108	83.6563
4109	85.7908
4110	84.1395
4111	84.5326
4112	86.568
4113	90.557
4114	91.9275
4115	91.9907
4116	92.5428
4117	92.6231
4118	96.8987
4119	99.7968
4120	98.8067
4121	100.206
4122	98.7164
4123	100.169
4124	99.3369
4125	99.5408
4126	98.7174
4127	99.3438
4128	102.058
4129	102.564
4130	99.8619
4131	99.1798
4132	97.8736
4133	98.6063
4134	97.0957
4135	95.3117
4136	93.9875
4137	92.7075
4138	91.5123
4139	90.3222
4140	94.6792
4141	94.9724
4142	94.649
4143	95.1307
4144	96.3774
4145	96.3371
4146	96.2892
4147	94.4582
4148	96.5419
4149	97.7354
4150	98.3814
4151	102.659
4152	100.161
4153	99.7253
4154	101.255
4155	99.8161
4156	98.1132
4157	94.5685
4158	93.2888
4159	97.0602
4160	98.0688
4161	96.3874
4162	91.6773
4163	94.2213
4164	95.8237
4165	96.9988
4166	96.9117
4167	96.1283
4168	94.8734
4169	95.6525
4170	99.8097
4171	97.8196
4172	97.988
4173	89.4649
4174	91.1497
4175	91.395
4176	94.5591
4177	95.8619
4178	95.8519
4179	96.6075
4180	99.8537
4181	99.557
4182	103.542
4183	101.091
4184	96.222
4185	99.115
4186	99.6089
4187	99.228
4188	98.6993
4189	98.1425
4190	101.061
4191	100.907
4192	100.18
4193	98.0339
4194	91.4636
4195	94.8424
4196	90.0636
4197	91.2431
4198	89.6452
4199	89.6853
4200	88.7929
4201	89.1157
4202	88.8827
4203	87.9407
4204	85.4283
4205	86.0745
4206	86.7446
4207	88.6984
4208	86.0877
4209	88.2021
4210	90.5233
4211	86.4417
4212	87.2857
4213	86.6551
4214	89.7513
4215	91.0284
4216	88.2311
4217	86.7597
4218	84.4775
4219	83.6063
4220	85.7254
4221	85.6746
4222	83.6086
4223	86.985
4224	84.951
4225	82.5782
4226	81.8427
4227	78.6544
4228	83.9299
4229	86.1378
4230	92.757
4231	91.6954
4232	89.5434
4233	91.5668
4234	94.9227
4235	93.3897
4236	92.6512
4237	89.7766
4238	89.6026
4239	86.7291
4240	85.6522
4241	85.5913
4242	83.7525
4243	86.3156
4244	88.8633
4245	92.5633
4246	95.1223
4247	92.6843
4248	97.0574
4249	93.4757
4250	95.0887
4251	93.5756
4252	93.1002
4253	94.0358
4254	96.06
4255	93.2845
4256	97.8832
4257	98.7737
4258	98.7573
4259	98.1675
4260	95.9135
4261	94.898
4262	95.585
4263	97.6603
4264	97.3553
4265	93.3539
4266	99.1639
4267	98.585
4268	95.4564
4269	94.097
4270	94.4477
4271	91.5556
4272	96.4493
4273	92.4712
4274	89.8369
4275	89.2696
4276	87.3568
4277	87.0992
4278	89.4979
4279	87.9203
4280	87.547
4281	91.695
4282	92.2114
4283	90.8276
4284	93.748
4285	91.9822
4286	94.8515
4287	97.3067
4288	96.5129
4289	95.1885
4290	99.6735
4291	102.352
4292	102.585
4293	100.485
4294	100.781
4295	101.385
4296	101.296
4297	102.092
4298	99.0405
4299	96.0122
4300	96.4676
4301	100.705
4302	101.839
4303	97.7321
4304	96.7423
4305	97.0743
4306	95.4477
4307	96.3492
4308	96.9424
4309	97.8927
4310	97.811
4311	93.4065
4312	93.9075
4313	94.8607
4314	96.0294
4315	94.9387
4316	92.739
4317	90.3725
4318	93.9731
4319	94.1011
4320	93.5286
4321	90.4788
4322	87.8294
4323	90.8462
4324	91.2291
4325	93.9287
4326	96.8219
4327	98.4799
4328	96.9832
4329	95.9857
4330	94.6529
4331	92.835
4332	89.8735
4333	88.4495
4334	86.8037
4335	88.9563
4336	91.3847
4337	92.1667
4338	89.7845
4339	89.3963
4340	88.4546
4341	90.7827
4342	92.0915
4343	91.5766
4344	91.0965
4345	87.7609
4346	85.7595
4347	84.1246
4348	86.343
4349	87.3661
4350	86.9318
4351	88.4261
4352	89.1772
4353	88.0997
4354	89.6777
4355	90.0061
4356	89.3429
4357	93.5784
4358	92.4546
4359	93.944
4360	93.7031
4361	91.8359
4362	92.4638
4363	92.0563
4364	91.2057
4365	91.1436
4366	92.6897
4367	91.5597
4368	95.571
4369	98.5439
4370	101.814
4371	100.321
4372	96.2828
4373	95.8976
4374	95.7619
4375	93.9877
4376	94.0696
4377	93.4263
4378	92.6677
4379	92.9508
4380	95.6145
4381	97.6786
4382	97.4102
4383	97.6766
4384	101.018
4385	100.775
4386	100.974
4387	99.6858
4388	100.839
4389	99.1068
4390	102.215
4391	100.509
4392	97.8459
4393	97.8469
4394	96.9983
4395	94.0878
4396	92.349
4397	93.7269
4398	93.2404
4399	90.9378
4400	90.539
4401	95.2517
4402	93.5459
4403	97.46
4404	98.7796
4405	100.551
4406	99.5346
4407	100.099
4408	97.5951
4409	93.8009
4410	90.3188
4411	88.984
4412	89.1811
4413	88.1611
4414	90.1498
4415	90.7332
4416	89.3641
4417	88.0623
4418	90.1017
4419	88.625
4420	85.4139
4421	82.9226
4422	80.4162
4423	77.8283
4424	77.3438
4425	80.495
4426	75.5446
4427	74.3826
4428	73.4852
4429	77.0981
4430	79.88
4431	77.409
4432	77.6885
4433	81.5414
4434	75.4081
4435	75.9698
4436	74.3413
4437	69.2314
4438	72.1878
4439	68.1462
4440	71.3251
4441	70.4969
4442	72.7435
4443	73.0957
4444	70.2714
4445	71.5115
4446	78.9212
4447	81.593
4448	82.1938
4449	78.7501
4450	78.6929
4451	82.2563
4452	80.7495
4453	81.6888
4454	81.9953
4455	80.8924
4456	80.2667
4457	81.373
4458	82.6605
4459	78.4443
4460	72.9966
4461	73.4458
4462	72.6526
4463	75.8241
4464	78.5132
4465	78.9896
4466	81.1002
4467	81.9735
4468	84.1432
4469	83.1823
4470	80.6446
4471	81.8049
4472	81.7901
4473	81.4107
4474	79.802
4475	81.938
4476	82.211
4477	78.1259
4478	78.6555
4479	79.6103
4480	78.8603
4481	76.3892
4482	77.9705
4483	72.6961
4484	72.7741
4485	75.5351
4486	66.3348
4487	63.7437
4488	67.3442
4489	68.2686
4490	67.9403
4491	74.3776
4492	76.9334
4493	78.1816
4494	74.1793
4495	76.4723
4496	77.485
4497	78.7766
4498	77.4884
4499	78.2445
4500	78.6787
4501	85.871
4502	89.5186
4503	91.8374
4504	87.8405
4505	91.0288
4506	86.1627
4507	83.4353
4508	87.2048
4509	84.9681
4510	85.8265
4511	84.5791
4512	83.4597
4513	84.5403
4514	85.489
4515	85.6282
4516	86.5509
4517	88.0227
4518	88.438
4519	85.7319
4520	90.0548
4521	88.2279
4522	85.2113
4523	84.5994
4524	86.7382
4525	88.3509
4526	90.6895
4527	90.5354
4528	91.2593
4529	90.4347
4530	89.2143
4531	89.5488
4532	85.1209
4533	85.1341
4534	86.0906
4535	89.4588
4536	88.7795
4537	88.8188
4538	86.4042
4539	88.8284
4540	90.3781
4541	90.0156
4542	89.9543
4543	91.3607
4544	91.6312
4545	96.3019
4546	97.3574
4547	101.047
4548	100.394
4549	98.255
4550	97.9732
4551	96.0806
4552	96.9807
4553	97.2982
4554	95.9231
4555	94.2151
4556	95.377
4557	91.6162
4558	86.5283
4559	83.4457
4560	81.1242
4561	77.9589
4562	78.7781
4563	81.0121
4564	84.1073
4565	81.866
4566	79.1222
4567	81.3316
4568	84.5657
4569	83.8818
4570	86.1861
4571	90.3064
4572	89.6192
4573	88.8533
4574	85.589
4575	83.6147
4576	81.5536
4577	82.2195
4578	81.0974
4579	86.7986
4580	88.2138
4581	88.3776
4582	87.6401
4583	88.1143
4584	89.8794
4585	88.2935
4586	88.3165
4587	88.7467
4588	91.3168
4589	87.8583
4590	88.2961
4591	89.6395
4592	89.4374
4593	85.7315
4594	85.9386
4595	88.8697
4596	85.5724
4597	86.3855
4598	89.7345
4599	87.8968
4600	94.0042
4601	90.6831
4602	94.2583
4603	96.8277
4604	94.2863
4605	91.6292
4606	89.4988
4607	89.0632
4608	86.7793
4609	90.635
4610	90.4327
4611	87.8323
4612	87.5779
4613	87.1087
4614	85.7042
4615	86.2162
4616	88.2016
4617	91.9072
4618	93.0964
4619	92.3015
4620	94.6913
4621	94.6585
4622	93.2398
4623	97.5619
4624	97.4418
4625	95.2039
4626	94.057
4627	96.8787
4628	96.3204
4629	94.0296
4630	97.4188
4631	95.8597
4632	91.5954
4633	91.5107
4634	91.5186
4635	95.7076
4636	98.6204
4637	97.4209
4638	97.0196
4639	96.5201
4640	97.4101
4641	100.488
4642	98.4694
4643	95.5489
4644	95.8318
4645	94.2885
4646	89.2798
4647	85.3229
4648	85.9149
4649	90.7942
4650	85.1453
4651	76.9731
4652	78.9428
4653	79.8443
4654	77.0452
4655	81.0489
4656	85.406
4657	85.2437
4658	88.14
4659	86.8093
4660	86.1477
4661	88.3002
4662	89.989
4663	89.0736
4664	84.2566
4665	81.2596
4666	78.5348
4667	78.294
4668	79.7817
4669	80.8948
4670	79.0695
4671	75.1344
4672	73.7586
4673	73.0062
4674	79.3679
4675	79.243
4676	80.5983
4677	77.2323
4678	80.7337
4679	82.7884
4680	86.8375
4681	85.0088
4682	91.0008
4683	89.2465
4684	89.3637
4685	84.5044
4686	77.7502
4687	77.7406
4688	80.2125
4689	81.811
4690	81.7794
4691	81.6437
4692	80.1398
4693	76.2901
4694	77.7329
4695	71.9854
4696	69.2155
4697	66.5412
4698	69.7567
4699	73.4246
4700	69.3967
4701	68.6945
4702	66.4033
4703	64.4044
4704	62.9637
4705	61.1676
4706	59.2557
4707	58.6967
4708	53.6785
4709	50.983
4710	49.5534
4711	49.3869
4712	47.6987
4713	44.7769
4714	40.2064
4715	40.7234
4716	45.3042
4717	43.1
4718	44.5308
4719	41.5769
4720	41.848
4721	41.1803
4722	35.7228
4723	37.4117
4724	36.2427
4725	35.3061
4726	34.6125
4727	31.5282
4728	29.1371
4729	27.3043
4730	29.3928
4731	25.7222
4732	25.5726
4733	28.0911
4734	26.5138
4735	24.397
4736	23.7174
4737	24.9269
4738	25.0212
4739	24.1514
4740	24.3792
4741	21.8488
4742	22.6214
4743	19.5705
4744	21.7797
4745	21.6863
4746	22.5165
4747	21.3245
4748	19.4869
4749	18.0642
4750	19.7363
4751	18.2612
4752	17.1215
4753	18.0843
4754	21.545
4755	19.6702
4756	18.2078
4757	18.9348
4758	22.1935
4759	20.1629
4760	20.4207
4761	16.9287
4762	15.1767
4763	14.7415
4764	12.4982
4765	12.6746
4766	12.7971
4767	11.9363
4768	10.3099
4769	10.9584
4770	11.4604
4771	12.7949
4772	10.0184
4773	8.81368
4774	10.7526
4775	9.387
4776	10.2434
4777	10.9175
4778	10.48
4779	9.1742
4780	9.12036
4781	9.07855
4782	9.04609
4783	9.02105
4784	7.06348
4785	6.5083
4786	5.096
4787	3.99017
4788	3.1243
4789	2.44633
4790	1.91548
4791	2.49132
4792	3.92413
4793	4.05883
4794	6.11574
4795	4.78863
4796	4.73444
4797	5.66857
4798	7.36327
4799	6.74249
4800	5.27937
4801	7.06156
4802	7.47816
4803	8.76545
4804	7.83654
4805	8.08069
4806	7.30219
4807	6.69472
4808	7.19277
4809	8.54518
4810	7.66729
4811	7.94906
4812	7.19947
4813	5.63719
4814	5.40534
4815	5.21461
4816	4.08304
4817	3.19702
4818	3.4914
4819	2.73377
4820	3.12993
4821	2.45074
4822	2.90909
4823	2.27782
4824	2.77417
4825	3.16151
4826	2.47546
4827	1.93829
4828	2.50924
4829	1.96474
4830	1.53839
4831	1.20456
4832	0.943169
4833	0.738501
4834	0.578246
4835	0.452767
4836	0.354516
4837	0.277586
4838	0.21735
4839	0.170185
4840	0.133255
