# Tempo	Potencial
0	137.976
1	132.982
2	127.168
3	118.819
4	111.156
5	106.325
6	101.858
7	101.706
8	97.1184
9	91.2348
10	88.6368
11	89.9449
12	87.5358
13	87.4932
14	87.7598
15	85.6742
16	89.2927
17	93.3312
18	88.6735
19	89.1206
20	87.8037
21	86.1098
22	87.6055
23	86.5681
24	85.4353
25	85.7989
26	82.4153
27	84.3071
28	84.3427
29	86.7791
30	86.0005
31	87.2525
32	92.6703
33	92.6953
34	96.6823
35	96.5201
36	95.6537
37	92.355
38	94.7289
39	98.3364
40	97.5913
41	94.8016
42	92.5282
43	90.8419
44	90.9749
45	92.1481
46	85.8581
47	86.4328
48	82.0834
49	83.0048
50	81.933
51	85.092
52	88.4163
53	88.483
54	93.0846
55	92.4845
56	89.5068
57	86.1685
58	86.9272
59	85.8137
60	84.8998
61	81.4101
62	83.5723
63	85.8629
64	87.9277
65	91.4534
66	90.494
67	88.3164
68	90.2914
69	88.985
70	90.8474
71	89.1771
72	88.8197
73	90.7669
74	91.1086
75	92.8699
76	93.3136
77	88.3157
78	88.6447
79	92.5469
80	90.5738
81	90.0459
82	91.0149
83	96.2658
84	98.8111
85	96.7662
86	94.3839
87	94.3231
88	91.5114
89	92.0091
90	93.2855
91	93.9922
92	91.0629
93	90.39
94	94.1591
95	91.2091
96	93.0992
97	95.6235
98	90.9609
99	89.9227
100	93.1397
101	93.6423
102	94.3289
103	95.7135
104	93.4458
105	94.0161
106	94.278
107	98.1559
108	99.3491
109	98.2102
110	100.875
111	99.0117
112	96.9867
113	96.1589
114	97.4598
115	96.4453
116	93.0682
117	97.7758
118	97.6708
119	95.4253
120	96.0592
121	94.6143
122	99.1787
123	94.4494
124	94.5272
125	93.0474
126	94.7435
127	91.5099
128	92.4335
129	96.0366
130	94.2737
131	93.1485
132	92.0056
133	88.9507
134	93.7032
135	91.5441
136	94.8045
137	95.5548
138	93.0939
139	94.1683
140	95.3662
141	94.5437
142	97.6127
143	94.0678
144	90.8896
145	91.0077
146	91.4078
147	91.0796
148	96.6181
149	95.7845
150	95.0161
151	94.708
152	95.1569
153	94.1873
154	95.3639
155	96.8832
156	96.6086
157	100.068
158	99.1596
159	95.4297
160	97.3247
161	98.4955
162	98.3129
163	96.9843
164	91.42
165	92.419
166	95.3763
167	93.3538
168	91.5221
169	89.3378
170	88.0648
171	86.1721
172	86.5001
173	80.2556
174	84.7388
175	83.8029
176	88.6743
177	88.4219
178	90.1338
179	94.2978
180	94.4531
181	96.0211
182	96.1892
183	93.4052
184	90.8638
185	91.7692
186	94.1056
187	94.8865
188	90.4904
189	89.3075
190	88.1823
191	86.9459
192	87.4858
193	85.2368
194	86.7743
195	86.7773
196	90.4539
197	89.0139
198	86.8904
199	86.512
200	87.8663
201	85.2774
202	86.3947
203	86.9352
204	88.8869
205	86.4154
206	89.4899
207	89.0492
208	88.1
209	87.4377
210	88.5327
211	88.9556
212	91.2992
213	94.3262
214	93.9773
215	91.965
216	92.2517
217	93.274
218	97.4908
219	99.1721
220	101.184
221	102.854
222	102.275
223	96.3024
224	96.7142
225	97.0993
226	92.4842
227	93.5326
228	94.2083
229	90.2162
230	92.7203
231	88.6128
232	91.66
233	89.5334
234	87.2382
235	89.525
236	85.3225
237	87.8767
238	88.9146
239	87.7141
240	90.8794
241	92.5141
242	91.6361
243	88.97
244	88.6792
245	85.1781
246	80.9975
247	83.3034
248	86.625
249	84.1127
250	87.0654
251	89.516
252	88.5441
253	88.5953
254	88.2661
255	91.5737
256	90.1191
257	90.154
258	91.8665
259	95.0162
260	91.1366
261	93.5856
262	97.8831
263	99.2842
264	96.559
265	96.3372
266	97.0949
267	95.1686
268	94.8719
269	96.9557
270	99.5312
271	100.727
272	101.194
273	98.9617
274	97.39
275	101.362
276	101.238
277	101.503
278	93.3729
279	95.2438
280	93.7221
281	94.5432
282	92.289
283	90.9132
284	88.9657
285	90.3109
286	89.4379
287	88.3917
288	87.2637
289	90.4071
290	94.0918
291	92.4716
292	94.9533
293	96.4063
294	93.4735
295	89.8725
296	90.4888
297	92.5829
298	91.6915
299	92.4756
300	93.5825
301	91.6358
302	89.2253
303	93.0379
304	95.0987
305	96.4541
306	95.4531
307	93.049
308	95.0031
309	99.3083
310	97.0258
311	97.732
312	94.5146
313	94.5559
314	94.3709
315	94.0226
316	96.3654
317	97.7313
318	98.9922
319	98.8491
320	99.0624
321	99.6033
322	96.8562
323	96.7096
324	94.9644
325	100.312
326	101.042
327	96.3168
328	96.1643
329	91.1048
330	95.2871
331	93.5731
332	92.4856
333	92.3384
334	93.3644
335	92.3231
336	89.7796
337	90.1689
338	92.0331
339	90.0916
340	90.0534
341	91.9512
342	88.6106
343	90.3211
344	90.298
345	93.4798
346	95.9596
347	94.2801
348	97.1302
349	95.8045
350	93.0181
351	92.8471
352	92.4883
353	92.3161
354	92.9475
355	93.8631
356	90.7114
357	90.539
358	91.1402
359	91.6958
360	94.4508
361	98.4274
362	100.961
363	97.4912
364	99.2688
365	102.73
366	102.301
367	98.748
368	97.5786
369	101.949
370	99.5489
371	97.6048
372	93.7942
373	94.9014
374	93.7728
375	89.5246
376	91.559
377	95.3927
378	90.6947
379	94.3471
380	97.9948
381	95.0017
382	97.4398
383	97.3727
384	99.4237
385	98.8365
386	103.277
387	102.878
388	100.586
389	97.8415
390	97.391
391	95.7907
392	96.6899
393	98.9914
394	99.0697
395	99.6845
396	98.2028
397	97.3853
398	94.7289
399	94.1536
400	93.621
401	92.235
402	90.499
403	90.9446
404	93.0638
405	90.0622
406	85.1936
407	82.6977
408	85.8458
409	88.8896
410	89.1098
411	89.6616
412	90.917
413	91.4938
414	87.6642
415	87.2102
416	84.3764
417	86.9129
418	84.162
419	83.5716
420	81.8408
421	82.3039
422	85.4169
423	85.7159
424	80.9035
425	81.4565
426	81.4059
427	80.5767
428	86.3654
429	85.2598
430	85.0772
431	91.3429
432	88.2255
433	87.9852
434	87.9026
435	90.8824
436	91.8965
437	87.4339
438	88.7564
439	88.4667
440	90.4565
441	90.2361
442	89.9735
443	87.2733
444	90.7684
445	85.951
446	84.5255
447	84.7776
448	87.4488
449	90.645
450	93.0887
451	92.2214
452	93.5047
453	90.5139
454	93.5775
455	91.7266
456	90.8468
457	89.2078
458	94.0304
459	94.1668
460	95.1302
461	93.8461
462	96.2269
463	95.853
464	94.3062
465	95.2171
466	92.811
467	94.022
468	97.851
469	99.383
470	99.8413
471	99.5064
472	95.1676
473	92.8765
474	97.9918
475	99.0563
476	99.3531
477	96.7933
478	98.9412
479	99.0003
480	98.3282
481	98.8887
482	100.71
483	97.7192
484	95.3951
485	94.618
486	93.548
487	97.5178
488	92.7626
489	91.2021
490	90.5809
491	91.419
492	89.5716
493	87.5317
494	91.2972
495	89.0025
496	86.641
497	87.1914
498	89.3101
499	85.6448
500	84.2292
501	84.8546
502	87.116
503	88.382
504	87.8806
505	91.2995
506	93.2066
507	98.5469
508	96.88
509	96.0242
510	93.3951
511	97.8057
512	98.1532
513	96.6135
514	98.1501
515	99.3382
516	97.6613
517	99.8708
518	102.378
519	102.939
520	103.218
521	102.55
522	102.301
523	97.3726
524	101.029
525	102.331
526	95.8133
527	94.0378
528	94.0309
529	90.659
530	90.6996
531	93.3735
532	97.0062
533	97.3387
534	94.3828
535	90.3037
536	90.8009
537	91.7282
538	91.9497
539	95.8069
540	98.7213
541	96.7799
542	98.8871
543	98.4132
544	97.2168
545	96.7522
546	93.3004
547	95.579
548	100.566
549	99.2554
550	99.2984
551	97.1342
552	93.6485
553	92.403
554	94.5029
555	96.2817
556	96.1355
557	94.8211
558	96.4687
559	95.1386
560	93.1453
561	91.7623
562	91.0251
563	90.9813
564	94.8187
565	95.3735
566	95.7757
567	97.6738
568	94.6037
569	95.3158
570	96.3239
571	96.7911
572	95.8373
573	100.248
574	99.5925
575	100.99
576	98.7603
577	98.1279
578	97.3469
579	97.9255
580	96.6022
581	98.7327
582	94.874
583	96.143
584	97.2385
585	94.7625
586	92.6125
587	94.3516
588	92.6465
589	93.0588
590	90.3468
591	87.0865
592	86.8544
593	89.3284
594	86.3707
595	87.0506
596	89.9336
597	92.3674
598	90.6434
599	94.1503
600	92.7307
601	91.1228
602	91.5074
603	92.5602
604	94.1522
605	101.394
606	99.9505
607	98.9968
608	99.4353
609	97.9355
610	94.8719
611	96.1966
612	91.3305
613	87.0229
614	89.2972
615	92.1236
616	94.4527
617	98.1881
618	95.9463
619	90.7323
620	88.6268
621	90.7821
622	90.4442
623	88.1172
624	86.8485
625	84.9014
626	88.6921
627	85.339
628	84.8897
629	85.4972
630	88.3042
631	89.916
632	90.294
633	92.4358
634	92.7729
635	97.4258
636	93.6793
637	95.647
638	95.7561
639	94.6965
640	90.1092
641	89.1919
642	87.9169
643	87.1003
644	87.3707
645	85.7892
646	86.2852
647	84.947
648	87.691
649	90.2081
650	91.562
651	91.8198
652	94.5287
653	91.514
654	94.0126
655	90.447
656	89.7467
657	90.2028
658	92.1394
659	93.1694
660	94.1587
661	94.0118
662	94.0704
663	92.016
664	92.1015
665	91.9021
666	94.5025
667	97.0977
668	97.1142
669	95.5425
670	100.472
671	97.8359
672	93.8075
673	89.5945
674	89.675
675	93.5403
676	97.8468
677	97.9094
678	99.3417
679	97.5109
680	98.8828
681	98.2109
682	94.3851
683	90.5774
684	88.3176
685	85.7307
686	87.2408
687	84.9503
688	84.6115
689	83.167
690	79.0946
691	77.8488
692	81.7952
693	81.4704
694	76.328
695	78.1285
696	81.104
697	77.8347
698	77.6909
699	75.1835
700	78.2172
701	78.8194
702	83.466
703	85.1355
704	86.1731
705	89.7818
706	90.4509
707	93.1153
708	89.1387
709	88.5882
710	89.0676
711	95.537
712	96.229
713	97.2286
714	99.3213
715	98.3962
716	96.7602
717	90.5622
718	89.1371
719	92.7302
720	88.6814
721	83.9635
722	83.8482
723	80.902
724	84.9526
725	86.5175
726	82.5048
727	84.3021
728	86.0697
729	83.2411
730	79.0328
731	80.6408
732	84.8147
733	89.1458
734	93.166
735	98.5247
736	96.6053
737	100.367
738	99.4298
739	97.4146
740	93.0734
741	92.7613
742	95.0402
743	95.2458
744	93.0559
745	95.7999
746	97.6138
747	96.0821
748	93.6246
749	89.5215
750	86.5556
751	86.538
752	87.1912
753	89.5323
754	89.3678
755	92.3906
756	92.574
757	91.2941
758	86.0601
759	87.2199
760	87.0232
761	84.9345
762	89.1482
763	91.0132
764	95.3663
765	98.2064
766	97.0565
767	95.4674
768	97.3693
769	98.527
770	97.7222
771	98.8533
772	100.606
773	101.779
774	99.8986
775	100.784
776	99.0591
777	95.4847
778	99.3219
779	97.3219
780	98.0667
781	98.3624
782	100.671
783	99.2824
784	98.4149
785	100.219
786	100.087
787	100.93
788	98.6074
789	101.871
790	100.797
791	97.8496
792	95.1305
793	96.4574
794	99.8659
795	99.0633
796	97.2712
797	96.3415
798	93.0306
799	87.9131
800	85.3161
801	84.4508
802	85.9894
803	82.8105
804	86.0736
805	86.4015
806	85.5347
807	89.5722
808	90.6933
809	95.2629
810	93.7743
811	94.5028
812	97.4877
813	94.5614
814	92.4362
815	92.3829
816	94.1371
817	90.2425
818	90.2276
819	93.2931
820	96.7078
821	96.9155
822	93.0476
823	91.0034
824	90.6267
825	91.9534
826	93.1219
827	94.4735
828	91.5736
829	85.5234
830	88.7632
831	93.2161
832	94.2207
833	93.4513
834	93.118
835	93.2986
836	96.5026
837	97.396
838	95.9765
839	95.7653
840	95.2519
841	92.6628
842	95.9768
843	94.4948
844	95.3537
845	92.5335
846	93.1199
847	91.5539
848	88.3204
849	89.7939
850	89.2419
851	90.3669
852	92.3322
853	94.0958
854	91.7069
855	93.7348
856	94.1692
857	92.9467
858	94.1961
859	94.367
860	87.5136
861	90.8926
862	94.2963
863	95.0739
864	91.299
865	90.9149
866	90.2803
867	90.9217
868	94.0806
869	91.9656
870	96.1018
871	98.4031
872	103.145
873	98.3714
874	97.5447
875	95.7491
876	91.4883
877	92.2352
878	89.2972
879	91.1819
880	91.4286
881	97.1207
882	96.1197
883	92.8879
884	89.6976
885	90.1155
886	88.4471
887	84.0127
888	83.721
889	82.8846
890	84.157
891	81.622
892	85.8207
893	83.7816
894	84.9297
895	87.7543
896	85.8012
897	84.3112
898	87.2078
899	90.3134
900	92.6876
901	94.3822
902	98.4117
903	97.6207
904	98.6889
905	99.8034
906	98.7463
907	95.7501
908	97.06
909	95.2633
910	96.1215
911	95.7598
912	94.599
913	93.895
914	90.5086
915	91.9315
916	91.371
917	96.0532
918	97.1807
919	98.2103
920	98.947
921	98.4926
922	94.9904
923	93.538
924	94.2461
925	92.7007
926	91.6061
927	87.739
928	87.5106
929	87.4813
930	88.6863
931	86.6831
932	91.952
933	88.0409
934	88.5948
935	91.0216
936	94.4542
937	93.4182
938	94.9262
939	92.9262
940	92.6154
941	94.4684
942	92.1487
943	94.6476
944	92.3834
945	96.6715
946	95.8612
947	94.7263
948	90.512
949	96.1395
950	95.9401
951	96.965
952	102.095
953	99.3683
954	99.3863
955	96.0452
956	96.0093
957	93.385
958	93.0981
959	92.9063
960	93.3831
961	94.4582
962	93.4481
963	91.3013
964	92.0906
965	95.0079
966	93.4965
967	93.6118
968	92.6019
969	97.8943
970	94.7814
971	95.2124
972	100.327
973	100.79
974	98.7979
975	95.8859
976	95.2635
977	95.5366
978	93.8301
979	94.0038
980	90.8785
981	90.8109
982	91.6582
983	89.9214
984	89.2795
985	90.1074
986	87.4681
987	83.9026
988	84.3381
989	84.4395
990	84.3095
991	82.2363
992	84.7271
993	86.0711
994	92.0486
995	91.3017
996	91.4652
997	91.5284
998	92.63
999	95.6028
1000	96.7908
1001	99.5628
1002	101.785
1003	100.185
1004	99.6355
1005	97.2173
1006	94.406
1007	97.0892
1008	92.2488
1009	95.3109
1010	94.4731
1011	90.4675
1012	91.1522
1013	91.9887
1014	90.0346
1015	90.4854
1016	90.3993
1017	92.3935
1018	96.0322
1019	97.2562
1020	98.3627
1021	94.114
1022	92.4992
1023	92.0955
1024	90.8911
1025	91.7254
1026	92.7589
1027	91.5058
1028	91.5565
1029	88.491
1030	89.0928
1031	91.2381
1032	90.2808
1033	91.0478
1034	84.7661
1035	82.9019
1036	83.8589
1037	85.8841
1038	84.936
1039	89.3333
1040	96.0381
1041	98.1118
1042	98.7794
1043	95.8047
1044	100.523
1045	98.6543
1046	97.9427
1047	96.32
1048	97.9424
1049	97.3286
1050	101.922
1051	98.1274
1052	98.2863
1053	98.1628
1054	101.477
1055	99.4342
1056	98.7431
1057	96.4799
1058	100.234
1059	102.278
1060	101.352
1061	100.293
1062	101.625
1063	104.463
1064	102.351
1065	99.5985
1066	97.752
1067	95.6189
1068	93.027
1069	95.8317
1070	93.6868
1071	89.8691
1072	91.8963
1073	89.9831
1074	87.4956
1075	87.175
1076	89.8275
1077	88.9205
1078	90.8375
1079	90.3558
1080	93.8009
1081	97.3666
1082	98.5811
1083	102.009
1084	99.8867
1085	98.4877
1086	101.292
1087	101.864
1088	99.8649
1089	101.351
1090	98.0715
1091	101.601
1092	97.9031
1093	96.5644
1094	93.21
1095	94.582
1096	98.9129
1097	97.2756
1098	94.8579
1099	92.8716
1100	93.5026
1101	95.9006
1102	98.32
1103	92.7321
1104	90.7383
1105	92.0236
1106	85.7511
1107	80.7688
1108	76.7172
1109	72.756
1110	73.2296
1111	73.9302
1112	73.6832
1113	68.256
1114	70.6459
1115	73.1373
1116	73.2166
1117	76.1671
1118	82.8228
1119	86.5586
1120	86.6235
1121	87.6456
1122	85.6914
1123	80.9953
1124	81.1293
1125	80.3
1126	79.5298
1127	75.3872
1128	76.995
1129	77.9002
1130	75.5465
1131	75.2208
1132	77.3906
1133	74.546
1134	72.6533
1135	69.4667
1136	74.7297
1137	75.9488
1138	75.7639
1139	75.9827
1140	78.5274
1141	79.1892
1142	77.2734
1143	78.3396
1144	79.5046
1145	81.0141
1146	78.9328
1147	77.8802
1148	80.4676
1149	82.6709
1150	86.8823
1151	90.7575
1152	93.1042
1153	93.4753
1154	93.4015
1155	93.476
1156	94.0856
1157	93.3694
1158	97.5684
1159	95.412
1160	98.4768
1161	97.0551
1162	97.6889
1163	97.4406
1164	91.9941
1165	93.0171
1166	94.7526
1167	91.4072
1168	92.1402
1169	91.1307
1170	92.1541
1171	92.4132
1172	88.9572
1173	88.1664
1174	90.2569
1175	90.7343
1176	91.8248
1177	88.9273
1178	92.9657
1179	92.9179
1180	88.6127
1181	93.1539
1182	95.1674
1183	93.2326
1184	95.2333
1185	94.0175
1186	93.8375
1187	96.3648
1188	93.7003
1189	97.7856
1190	94.6191
1191	92.6736
1192	95.295
1193	98.6691
1194	95.5197
1195	96.0896
1196	99.7964
1197	99.5056
1198	98.5619
1199	102.947
1200	103.459
1201	100.704
1202	100.227
1203	98.1137
1204	97.0105
1205	95.883
1206	99.6021
1207	103.814
1208	104.491
1209	102.097
1210	102.526
1211	99.1867
1212	98.0492
1213	96.1999
1214	94.9622
1215	95.3692
1216	93.5392
1217	94.0883
1218	89.3703
1219	90.6808
1220	89.8803
1221	94.7803
1222	91.5654
1223	93.2777
1224	93.08
1225	98.4941
1226	96.9139
1227	97.7427
1228	95.7536
1229	92.0426
1230	87.6748
1231	83.6461
1232	81.4644
1233	81.398
1234	77.8521
1235	82.2175
1236	81.2608
1237	79.7555
1238	74.6091
1239	70.6271
1240	66.4127
1241	63.7547
1242	61.1367
1243	58.5951
1244	59.5852
1245	61.0961
1246	58.9038
1247	59.7231
1248	59.9154
1249	63.6491
1250	63.2683
1251	63.0959
1252	65.5033
1253	68.0439
1254	72.8775
1255	74.9302
1256	79.916
1257	81.323
1258	82.6393
1259	84.2527
1260	82.046
1261	80.2566
1262	78.5636
1263	80.1102
1264	76.6984
1265	78.2519
1266	79.2268
1267	81.1178
1268	86.0266
1269	86.5047
1270	89.1684
1271	95.5747
1272	93.2879
1273	93.8786
1274	95.7493
1275	95.4282
1276	97.5758
1277	97.2006
1278	94.701
1279	91.9173
1280	90.6993
1281	94.6474
1282	98.0587
1283	97.1246
1284	97.1474
1285	94.9567
1286	97.9589
1287	98.5405
1288	97.3679
1289	93.4136
1290	95.0102
1291	91.406
1292	91.0223
1293	91.9554
1294	93.6136
1295	94.571
1296	94.1203
1297	86.2771
1298	85.1118
1299	85.5507
1300	88.1363
1301	90.0673
1302	86.7149
1303	85.6729
1304	89.1601
1305	99.3212
1306	95.9178
1307	96.6279
1308	96.8066
1309	94.0053
1310	89.176
1311	85.1186
1312	89.5153
1313	88.7422
1314	86.7541
1315	88.4154
1316	83.8749
1317	87.3609
1318	90.9627
1319	93.4688
1320	94.9128
1321	94.4773
1322	98.4107
1323	96.897
1324	99.9179
1325	103.285
1326	99.5801
1327	101.347
1328	94.7172
1329	92.6927
1330	91.055
1331	91.8194
1332	89.7718
1333	92.0638
1334	94.1364
1335	94.8374
1336	93.0554
1337	87.3799
1338	89.6089
1339	85.6401
1340	83.9574
1341	85.287
1342	87.2615
1343	86.7734
1344	90.151
1345	90.1849
1346	90.5042
1347	90.2406
1348	93.7147
1349	91.6297
1350	92.3102
1351	96.478
1352	92.3948
1353	90.9634
1354	96.7651
1355	100.293
1356	99.5613
1357	97.5789
1358	100.671
1359	100.452
1360	97.418
1361	98.3571
1362	98.7362
1363	97.5869
1364	95.0347
1365	97.1378
1366	99.6809
1367	100.173
1368	97.6389
1369	97.8943
1370	97.8953
1371	99.8336
1372	95.9673
1373	99.1962
1374	98.5157
1375	91.6573
1376	92.9389
1377	90.9011
1378	92.0845
1379	97.2777
1380	96.7003
1381	96.9229
1382	97.6322
1383	92.1757
1384	91.1457
1385	90.1019
1386	89.5823
1387	90.7337
1388	90.004
1389	91.1252
1390	92.2284
1391	94.2447
1392	95.719
1393	94.8546
1394	89.9995
1395	89.3179
1396	90.1908
1397	85.9068
1398	86.8597
1399	87.2362
1400	89.0746
1401	89.5393
1402	86.676
1403	88.4414
1404	90.7668
1405	84.8193
1406	81.1363
1407	82.454
1408	83.6434
1409	84.1352
1410	81.5041
1411	80.544
1412	82.1366
1413	84.0853
1414	82.2246
1415	87.4797
1416	90.9824
1417	89.7786
1418	92.7065
1419	94.1768
1420	94.2641
1421	95.2368
1422	93.7165
1423	94.1071
1424	92.9994
1425	91.8257
1426	92.2273
1427	93.2676
1428	96.3753
1429	97.9271
1430	100.605
1431	99.3613
1432	98.9918
1433	97.2469
1434	99.5407
1435	99.2366
1436	97.3744
1437	94.3474
1438	94.5885
1439	95.4467
1440	95.6672
1441	95.0709
1442	93.2685
1443	96.9138
1444	97.4112
1445	98.5747
1446	98.1167
1447	97.6459
1448	96.058
1449	95.5673
1450	90.3595
1451	87.2532
1452	91.0675
1453	88.8499
1454	85.4698
1455	82.6279
1456	81.2178
1457	81.326
1458	82.3566
1459	83.9396
1460	84.3836
1461	84.5002
1462	84.526
1463	83.808
1464	85.6393
1465	83.651
1466	80.3604
1467	83.3383
1468	84.833
1469	84.3338
1470	82.8964
1471	84.9974
1472	88.8462
1473	91.3082
1474	93.6302
1475	93.262
1476	94.5175
1477	92.4623
1478	92.1763
1479	93.7087
1480	92.9607
1481	87.3622
1482	80.2554
1483	83.3217
1484	84.1226
1485	81.1812
1486	77.9127
1487	79.0959
1488	80.0014
1489	80.5128
1490	76.6489
1491	76.5611
1492	82.0481
1493	84.4361
1494	84.2544
1495	85.6466
1496	85.8482
1497	86.824
1498	85.4916
1499	92.03
1500	95.1926
1501	97.9209
1502	99.0375
1503	98.041
1504	97.5993
1505	98.4402
1506	98.9862
1507	98.3443
1508	98.6858
1509	93.559
1510	93.7597
1511	97.2918
1512	98.3471
1513	95.015
1514	95.6789
1515	92.8408
1516	90.8876
1517	93.9891
1518	95.2953
1519	96.9326
1520	96.1215
1521	96.4392
1522	94.9858
1523	95.1672
1524	96.7235
1525	96.3137
1526	98.2289
1527	95.5829
1528	94.4611
1529	92.4462
1530	96.5777
1531	95.2751
1532	92.7406
1533	95.2769
1534	96.7494
1535	99.9608
1536	100.46
1537	99.6042
1538	94.6304
1539	96.7588
1540	96.6348
1541	96.897
1542	96.0225
1543	95.4832
1544	94.7119
1545	96.2586
1546	95.0537
1547	88.5715
1548	87.1331
1549	88.593
1550	85.4005
1551	85.3978
1552	86.5019
1553	90.4012
1554	83.7736
1555	85.1251
1556	85.0895
1557	83.4532
1558	84.143
1559	84.073
1560	80.7197
1561	79.5643
1562	82.23
1563	83.5273
1564	85.5472
1565	84.5063
1566	85.2956
1567	87.2913
1568	89.7887
1569	93.9946
1570	89.9654
1571	95.2301
1572	96.4324
1573	95.9584
1574	93.1647
1575	96.3624
1576	94.6549
1577	95.4302
1578	95.0819
1579	95.2779
1580	96.2155
1581	96.1401
1582	95.4716
1583	94.3252
1584	97.4453
1585	95.4395
1586	95.2322
1587	91.866
1588	92.957
1589	90.9948
1590	92.0175
1591	90.3068
1592	88.3004
1593	91.66
1594	93.244
1595	94.2263
1596	96.2386
1597	93.768
1598	89.9733
1599	91.507
1600	91.9551
1601	89.5882
1602	89.0016
1603	90.6392
1604	89.3946
1605	88.7519
1606	88.5134
1607	87.7009
1608	85.8457
1609	85.7479
1610	84.1061
1611	85.7684
1612	85.5069
1613	86.8089
1614	87.7784
1615	89.3024
1616	89.3442
1617	85.2028
1618	84.6151
1619	91.2995
1620	94.9251
1621	97.2902
1622	98.186
1623	98.2932
1624	99.257
1625	100.399
1626	97.8576
1627	96.5212
1628	92.5743
1629	88.2737
1630	88.8037
1631	87.4683
1632	85.3617
1633	86.6937
1634	91.3616
1635	91.2385
1636	89.03
1637	84.8372
1638	84.4243
1639	82.3254
1640	82.7472
1641	82.9991
1642	86.3144
1643	85.394
1644	87.8157
1645	87.2211
1646	85.5635
1647	83.9522
1648	82.5091
1649	82.8806
1650	86.2047
1651	90.1007
1652	92.0095
1653	92.1724
1654	85.8927
1655	87.1859
1656	86.3509
1657	89.0132
1658	86.217
1659	87.7808
1660	86.6784
1661	86.0536
1662	87.9064
1663	91.4935
1664	85.2458
1665	82.6155
1666	81.8463
1667	84.603
1668	80.908
1669	79.3057
1670	83.3403
1671	82.604
1672	82.8624
1673	84.245
1674	84.2791
1675	84.8345
1676	88.0163
1677	91.216
1678	88.6064
1679	91.2717
1680	91.7222
1681	92.3382
1682	92.462
1683	95.0122
1684	96.7893
1685	96.8989
1686	98.8687
1687	97.1788
1688	96.5111
1689	96.3366
1690	98.8251
1691	97.998
1692	95.5601
1693	93.8018
1694	94.3941
1695	93.0599
1696	92.1986
1697	92.3933
1698	91.6661
1699	90.4033
1700	87.4121
1701	85.6078
1702	84.2978
1703	81.6526
1704	78.9945
1705	79.8262
1706	84.3228
1707	90.6827
1708	92.172
1709	97.4917
1710	95.8598
1711	91.3651
1712	88.9675
1713	91.453
1714	92.3199
1715	90.4935
1716	91.2433
1717	93.0783
1718	95.495
1719	95.7252
1720	96.706
1721	95.1923
1722	96.289
1723	93.8536
1724	96.6058
1725	95.4377
1726	99.5154
1727	96.1797
1728	95.5725
1729	92.9532
1730	92.732
1731	88.4413
1732	87.593
1733	88.306
1734	84.2319
1735	86.4032
1736	84.8666
1737	85.2995
1738	88.2778
1739	78.9158
1740	77.3286
1741	80.0903
1742	82.0187
1743	81.8482
1744	82.3271
1745	84.69
1746	84.4162
1747	88.149
1748	88.913
1749	90.847
1750	90.2155
1751	89.2449
1752	89.1695
1753	91.2261
1754	92.1137
1755	90.3949
1756	90.8085
1757	90.8852
1758	86.4116
1759	84.4904
1760	86.8373
1761	91.0393
1762	90.1074
1763	91.2357
1764	93.5538
1765	91.0784
1766	89.4884
1767	91.2837
1768	92.0862
1769	90.5382
1770	88.2983
1771	91.6255
1772	94.732
1773	93.3304
1774	90.9688
1775	92.1098
1776	90.5851
1777	91.3911
1778	92.0801
1779	93.2037
1780	92.1803
1781	89.9096
1782	88.6687
1783	87.0181
1784	87.5775
1785	84.5622
1786	81.1538
1787	84.2727
1788	83.9716
1789	86.2034
1790	85.5699
1791	86.3885
1792	84.9692
1793	85.0096
1794	85.2529
1795	86.0179
1796	86.5657
1797	86.836
1798	84.6177
1799	81.289
1800	81.7612
1801	81.8158
1802	77.7258
1803	80.6148
1804	80.9654
1805	78.0568
1806	82.4476
1807	84.5959
1808	87.0393
1809	85.38
1810	84.9783
1811	85.2658
1812	85.5108
1813	87.4078
1814	89.4777
1815	90.5118
1816	89.1481
1817	90.5643
1818	91.0386
1819	89.8983
1820	86.7878
1821	86.3823
1822	87.2006
1823	81.518
1824	83.1256
1825	86.6209
1826	90.4315
1827	86.3793
1828	88.9873
1829	85.9305
1830	88.3133
1831	86.5615
1832	86.5277
1833	85.833
1834	88.1998
1835	91.9911
1836	93.7557
1837	95.3376
1838	91.8271
1839	94.0823
1840	94.0379
1841	95.2442
1842	89.3914
1843	90.4045
1844	86.5631
1845	85.0477
1846	84.4476
1847	88.1075
1848	88.6717
1849	88.4644
1850	85.8609
1851	88.7316
1852	88.764
1853	89.9047
1854	91.5878
1855	87.8394
1856	91.1469
1857	87.528
1858	83.7469
1859	86.2749
1860	87.1501
1861	87.468
1862	87.0345
1863	88.3836
1864	89.6588
1865	88.4795
1866	88.3535
1867	88.0333
1868	84.4465
1869	82.2708
1870	79.0917
1871	77.3376
1872	77.9567
1873	78.0329
1874	74.5505
1875	75.0235
1876	76.2307
1877	75.0323
1878	75.8122
1879	72.1226
1880	76.9469
1881	76.5856
1882	73.9275
1883	74.4962
1884	77.796
1885	77.0235
1886	71.7454
1887	73.2596
1888	72.3852
1889	71.7216
1890	74.5208
1891	75.5008
1892	75.2732
1893	79.2871
1894	80.0394
1895	81.1568
1896	82.1039
1897	83.0216
1898	90.0325
1899	90.7196
1900	92.8417
1901	92.3668
1902	94.2368
1903	95.3677
1904	97.1463
1905	97.9868
1906	97.5793
1907	94.5951
1908	94.1058
1909	94.5798
1910	87.6905
1911	87.1541
1912	88.0632
1913	87.0366
1914	85.5731
1915	83.1447
1916	80.9476
1917	85.369
1918	86.1531
1919	87.1149
1920	89.9985
1921	88.8777
1922	89.4935
1923	86.3988
1924	87.0788
1925	91.2806
1926	95.1043
1927	93.7617
1928	92.5646
1929	91.3318
1930	92.2126
1931	88.7115
1932	92.8425
1933	94.0519
1934	91.3076
1935	89.3464
1936	86.2518
1937	86.6281
1938	90.019
1939	87.9617
1940	89.0142
1941	88.7274
1942	92.3788
1943	98.0335
1944	98.3754
1945	101.162
1946	101.476
1947	103.575
1948	103.643
1949	101.109
1950	101.825
1951	100.296
1952	97.1927
1953	98.9883
1954	96.3812
1955	96.9823
1956	95.9892
1957	93.3857
1958	94.6879
1959	94.6155
1960	97.8907
1961	99.336
1962	96.7121
1963	96.383
1964	96.2162
1965	95.4967
1966	95.5763
1967	95.6134
1968	95.3379
1969	95.3145
1970	93.6033
1971	95.7366
1972	93.6923
1973	94.3908
1974	90.7799
1975	95.634
1976	94.9896
1977	96.6832
1978	95.263
1979	96.588
1980	94.9731
1981	91.092
1982	91.7613
1983	91.329
1984	91.1242
1985	86.1002
1986	85.3017
1987	86.28
1988	87.9057
1989	89.2675
1990	89.7525
1991	90.4012
1992	89.2402
1993	90.5357
1994	93.5341
1995	93.9583
1996	94.943
1997	95.2188
1998	94.6466
1999	94.3999
2000	94.5451
2001	96.5351
2002	96.4628
2003	95.8798
2004	94.9759
2005	96.0623
2006	97.4502
2007	98.0366
2008	100.489
2009	100.447
2010	98.1657
2011	101.447
2012	100.551
2013	97.406
2014	96.8565
2015	95.6664
2016	96.922
2017	96.8822
2018	97.127
2019	93.4657
2020	94.3726
2021	93.7728
2022	95.304
2023	98.3122
2024	95.2441
2025	100.682
2026	100.46
2027	101.177
2028	98.7782
2029	97.8734
2030	94.9665
2031	94.8998
2032	98.4573
2033	101.281
2034	96.9624
2035	96.2505
2036	96.7509
2037	100.294
2038	96.7184
2039	97.8102
2040	95.0741
2041	99.2725
2042	99.4986
2043	98.6848
2044	96.4196
2045	95.1737
2046	95.7359
2047	90.8013
2048	92.3958
2049	94.4879
2050	92.1108
2051	87.4251
2052	87.5214
2053	91.6082
2054	87.8015
2055	87.8366
2056	87.7795
2057	86.0449
2058	83.4473
2059	81.1115
2060	82.1248
2061	82.3124
2062	80.8385
2063	82.6242
2064	83.9471
2065	79.9178
2066	77.3748
2067	81.1666
2068	82.6502
2069	77.8287
2070	82.4984
2071	80.5807
2072	73.2019
2073	75.0636
2074	75.8127
2075	77.8884
2076	76.8772
2077	74.6551
2078	76.1357
2079	76.1066
2080	76.2594
2081	81.3966
2082	84.3735
2083	83.4174
2084	85.7677
2085	90.1875
2086	87.5665
2087	89.6217
2088	95.0156
2089	97.8627
2090	96.2153
2091	96.8711
2092	99.1251
2093	100.467
2094	98.6804
2095	95.7996
2096	96.5489
2097	94.0164
2098	91.2849
2099	92.3166
2100	94.6046
2101	89.5504
2102	92.4092
2103	92.8812
2104	91.2161
2105	92.4124
2106	97.747
2107	96.7088
2108	92.2392
2109	96.4444
2110	97.1112
2111	99.3055
2112	99.166
2113	101.4
2114	100.153
2115	92.5047
2116	88.8513
2117	88.9015
2118	85.4757
2119	83.004
2120	82.8212
2121	86.2467
2122	87.2007
2123	92.379
2124	91.2846
2125	92.1484
2126	95.2185
2127	94.5021
2128	96.8898
2129	95.1349
2130	92.5492
2131	95.8362
2132	97.2015
2133	97.871
2134	96.3685
2135	96.4298
2136	97.0951
2137	94.9811
2138	96.0408
2139	95.837
2140	94.8505
2141	92.5567
2142	94.7557
2143	93.3604
2144	92.2461
2145	91.7188
2146	89.6113
2147	91.6134
2148	93.3725
2149	94.5694
2150	96.6639
2151	97.6167
2152	93.7966
2153	95.5601
2154	95.6286
2155	95.1375
2156	92.8967
2157	95.5202
2158	90.5504
2159	89.7109
2160	90.7349
2161	90.4818
2162	92.9675
2163	94.2997
2164	95.6427
2165	95.5789
2166	92.6156
2167	89.8985
2168	89.7434
2169	93.7043
2170	91.6118
2171	91.5766
2172	92.7099
2173	92.4718
2174	89.1476
2175	92.1816
2176	89.1044
2177	85.7374
2178	89.2567
2179	90.7484
2180	91.0425
2181	91.4203
2182	89.6209
2183	89.4967
2184	91.7816
2185	91.4415
2186	93.9586
2187	95.4836
2188	98.8503
2189	103.16
2190	102.546
2191	103.984
2192	102.411
2193	99.6561
2194	98.9688
2195	96.8688
2196	94.3508
2197	93.54
2198	92.0789
2199	92.6107
2200	93.4491
2201	95.8385
2202	95.4075
2203	94.2842
2204	94.1463
2205	94.409
2206	92.9687
2207	90.2859
2208	87.2268
2209	87.8151
2210	89.6798
2211	87.5998
2212	89.5157
2213	90.5408
2214	91.7965
2215	95.4334
2216	93.3413
2217	95.5629
2218	92.7196
2219	94.6528
2220	91.7011
2221	94.3037
2222	95.6998
2223	90.8997
2224	95.4636
2225	94.9352
2226	92.9
2227	94.0536
2228	94.1336
2229	98.0956
2230	100.327
2231	99.6919
2232	102.331
2233	98.473
2234	94.5275
2235	92.7528
2236	85.2148
2237	85.4929
2238	86.116
2239	90.3234
2240	88.9616
2241	94.5884
2242	93.1327
2243	94.5229
2244	95.1971
2245	97.367
2246	99.2833
2247	94.4272
2248	95.3908
2249	96.2428
2250	96.2854
2251	96.9861
2252	96.6403
2253	98.8404
2254	97.0041
2255	98.3244
2256	100.464
2257	102.043
2258	99.2697
2259	96.7028
2260	88.9296
2261	84.3163
2262	86.9101
2263	86.8891
2264	87.6021
2265	89.8598
2266	91.3063
2267	92.2611
2268	91.2738
2269	93.9062
2270	93.8293
2271	95.4921
2272	92.096
2273	90.4102
2274	93.0438
2275	92.208
2276	95.1029
2277	94.3024
2278	94.0786
2279	91.9484
2280	89.7398
2281	89.335
2282	92.3066
2283	97.9521
2284	92.0136
2285	93.2612
2286	90.3202
2287	86.8475
2288	91.2624
2289	93.2217
2290	91.0367
2291	90.2609
2292	90.7858
2293	88.9397
2294	85.6663
2295	85.3168
2296	86.5785
2297	85.1782
2298	85.3986
2299	88.5891
2300	92.2675
2301	95.7579
2302	96.8132
2303	94.5967
2304	93.2402
2305	95.0528
2306	89.7189
2307	89.1812
2308	87.652
2309	90.7396
2310	91.4797
2311	90.5724
2312	90.3505
2313	90.9151
2314	93.9006
2315	98.6456
2316	97.5433
2317	99.6454
2318	99.7079
2319	98.4589
2320	99.791
2321	101.369
2322	99.4428
2323	97.7246
2324	99.7089
2325	96.1399
2326	94.4118
2327	95.5994
2328	90.2271
2329	88.9919
2330	92.4143
2331	92.3865
2332	96.9808
2333	92.6117
2334	94.3905
2335	93.7489
2336	95.0225
2337	96.4171
2338	95.0695
2339	96.6694
2340	94.592
2341	91.5859
2342	94.0242
2343	90.1706
2344	91.3724
2345	90.8487
2346	92.2907
2347	89.5909
2348	86.396
2349	87.5536
2350	83.688
2351	84.5109
2352	81.3076
2353	81.1931
2354	83.4621
2355	84.787
2356	86.7587
2357	89.2401
2358	91.4903
2359	92.1478
2360	95.0336
2361	95.6123
2362	94.4251
2363	92.4468
2364	88.9072
2365	84.9478
2366	88.7447
2367	88.145
2368	88.7842
2369	89.1406
2370	86.4588
2371	88.9661
2372	87.7496
2373	91.5646
2374	87.8212
2375	93.7348
2376	93.7321
2377	95.7164
2378	91.7018
2379	90.376
2380	92.2227
2381	89.2932
2382	88.8667
2383	87.8429
2384	89.065
2385	89.0538
2386	91.1653
2387	91.7053
2388	92.912
2389	94.3164
2390	92.724
2391	95.1729
2392	94.8925
2393	94.8924
2394	95.0044
2395	95.9758
2396	96.2313
2397	96.8275
2398	99.4989
2399	101.133
2400	98.5355
2401	93.9767
2402	96.5257
2403	93.7946
2404	95.1344
2405	95.1787
2406	95.2026
2407	93.4497
2408	96.0086
2409	95.1144
2410	94.5462
2411	94.1561
2412	94.0909
2413	94.6579
2414	96.2655
2415	93.574
2416	93.0132
2417	92.1481
2418	90.108
2419	91.2283
2420	94.393
2421	94.556
2422	92.7575
2423	91.3563
2424	94.705
2425	98.8329
2426	99.0931
2427	99.8093
2428	101.164
2429	99.6624
2430	96.1613
2431	94.3499
2432	95.8754
2433	95.7007
2434	96.3942
2435	99.5555
2436	96.7816
2437	94.695
2438	95.3414
2439	92.8596
2440	90.0467
2441	91.6048
2442	93.3334
2443	92.2147
2444	92.1096
2445	95.583
2446	95.256
2447	97.5591
2448	97.9695
2449	99.5267
2450	100.218
2451	99.9134
2452	95.0851
2453	92.2337
2454	88.1241
2455	89.5188
2456	92.5244
2457	97.5289
2458	94.3237
2459	93.1075
2460	89.2157
2461	84.2669
2462	81.0789
2463	85.6354
2464	87.5306
2465	86.4146
2466	85.3906
2467	87.2618
2468	83.4189
2469	84.1481
2470	83.6276
2471	80.5447
2472	83.4746
2473	80.2848
2474	79.0247
2475	78.9549
2476	82.2789
2477	87.9747
2478	89.9119
2479	91.3507
2480	89.6072
2481	91.9115
2482	91.2823
2483	94.482
2484	95.8649
2485	92.8516
2486	92.458
2487	92.437
2488	90.372
2489	91.1006
2490	92.4774
2491	94.3713
2492	92.644
2493	92.2519
2494	88.2242
2495	91.8091
2496	92.4987
2497	88.9655
2498	92.9335
2499	94.642
2500	91.5418
2501	91.0762
2502	87.0892
2503	89.4726
2504	93.6147
2505	93.9775
2506	96.4328
2507	96.1533
2508	93.5195
2509	88.6786
2510	91.0992
2511	92.538
2512	95.7799
2513	97.6437
2514	98.1816
2515	97.5052
2516	100.16
2517	98.4609
2518	96.1176
2519	95.6416
2520	94.0106
2521	93.9076
2522	94.7928
2523	94.4572
2524	89.9151
2525	93.9577
2526	88.9733
2527	93.4586
2528	92.6137
2529	93.8971
2530	95.4133
2531	95.8416
2532	94.9649
2533	94.0907
2534	91.3123
2535	95.9084
2536	95.424
2537	96.3227
2538	94.6213
2539	89.9812
2540	89.2058
2541	87.4392
2542	85.4573
2543	88.4844
2544	88.1717
2545	88.6465
2546	89.0755
2547	88.1309
2548	87.8979
2549	86.0259
2550	83.275
2551	82.5501
2552	84.0104
2553	88.8082
2554	87.756
2555	93.3014
2556	93.1381
2557	92.71
2558	92.9392
2559	94.5402
2560	92.4679
2561	92.8847
2562	94.4031
2563	96.2724
2564	100.891
2565	103.46
2566	102.766
2567	100.277
2568	99.3381
2569	100.524
2570	99.3577
2571	103.547
2572	102.486
2573	100.313
2574	98.7923
2575	97.0201
2576	96.8608
2577	96.9676
2578	94.5514
2579	90.0196
2580	91.2088
2581	89.5272
2582	90.706
2583	91.7701
2584	91.0145
2585	88.642
2586	89.8976
2587	93.404
2588	93.883
2589	95.7612
2590	93.9372
2591	93.7775
2592	90.0052
2593	88.0244
2594	87.1636
2595	90.0698
2596	90.5702
2597	89.5513
2598	89.8356
2599	90.8391
2600	91.4389
2601	94.4447
2602	97.5032
2603	96.8863
2604	100.104
2605	98.7834
2606	99.2186
2607	99.2199
2608	97.1349
2609	93.8854
2610	93.3855
2611	94.9973
2612	91.8637
2613	92.7818
2614	94.6616
2615	99.0454
2616	96.6339
2617	95.3359
2618	94.2961
2619	92.3426
2620	92.9593
2621	91.8111
2622	92.9761
2623	95.2687
2624	95.171
2625	97.7702
2626	98.0855
2627	95.1612
2628	94.1862
2629	96.588
2630	96.2127
2631	101.188
2632	97.5832
2633	93.6236
2634	96.5349
2635	95.6765
2636	97.9424
2637	93.2429
2638	93.4319
2639	92.3541
2640	92.2376
2641	89.7779
2642	92.2674
2643	91.1621
2644	86.4169
2645	92.3266
2646	91.322
2647	91.5273
2648	92.1362
2649	90.8413
2650	93.8409
2651	93.2638
2652	87.0259
2653	85.3415
2654	88.0632
2655	89.4247
2656	90.6233
2657	90.574
2658	91.9662
2659	91.5481
2660	92.283
2661	92.4274
2662	88.9779
2663	86.6847
2664	88.4668
2665	89.2345
2666	88.4318
2667	86.9691
2668	91.2108
2669	89.3951
2670	91.7529
2671	90.6993
2672	92.8494
2673	92.8183
2674	94.9546
2675	93.7253
2676	92.6266
2677	93.8059
2678	92.8972
2679	91.4115
2680	88.5303
2681	85.9917
2682	88.6315
2683	86.1204
2684	86.6926
2685	85.0554
2686	85.7333
2687	80.5914
2688	84.0319
2689	86.4749
2690	86.1788
2691	85.7179
2692	84.6135
2693	85.0143
2694	83.9962
2695	84.6918
2696	82.7258
2697	84.0386
2698	86.7615
2699	90.1067
2700	92.2269
2701	94.4342
2702	98.5041
2703	98.9131
2704	96.6899
2705	97.581
2706	96.4223
2707	97.2344
2708	95.7788
2709	94.0482
2710	98.0432
2711	98.8478
2712	98.4639
2713	97.8578
2714	98.3926
2715	101.21
2716	98.6012
2717	100.927
2718	103.463
2719	102.272
2720	101.77
2721	99.0918
2722	94.6048
2723	93.1213
2724	89.7507
2725	90.2263
2726	89.6036
2727	90.37
2728	93.7225
2729	93.0416
2730	92.9042
2731	94.0574
2732	99.0728
2733	98.5207
2734	100.58
2735	94.8794
2736	94.3093
2737	94.3961
2738	93.3775
2739	93.9596
2740	94.276
2741	94.6937
2742	96.2262
2743	96.0348
2744	94.3651
2745	92.7792
2746	90.7092
2747	89.6558
2748	94.0008
2749	94.4528
2750	91.0196
2751	92.0779
2752	92.0172
2753	92.131
2754	95.784
2755	96.226
2756	97.9152
2757	97.4985
2758	97.3762
2759	97.9072
2760	95.205
2761	93.3267
2762	91.2922
2763	90.9014
2764	90.768
2765	91.5831
2766	94.1583
2767	92.3518
2768	89.3898
2769	88.6216
2770	92.0806
2771	93.8197
2772	90.7435
2773	93.6025
2774	93.5084
2775	97.5709
2776	94.3104
2777	94.1778
2778	93.1413
2779	94.7037
2780	96.3672
2781	96.1652
2782	96.2062
2783	97.2547
2784	95.8405
2785	97.6817
2786	94.2075
2787	93.282
2788	97.8698
2789	97.9199
2790	98.6291
2791	99.2365
2792	95.9447
2793	94.6043
2794	91.6142
2795	90.5799
2796	91.6019
2797	92.7289
2798	94.3056
2799	93.2944
2800	92.0842
2801	87.5983
2802	89.9325
2803	87.5453
2804	92.983
2805	97.061
2806	95.6134
2807	95.9569
2808	101.637
2809	101.201
2810	98.3881
2811	96.7804
2812	99.6058
2813	99.5343
2814	97.109
2815	97.0113
2816	91.4323
2817	90.6685
2818	88.1742
2819	88.0587
2820	89.9333
2821	89.1269
2822	86.7413
2823	90.7289
2824	94.2498
2825	95.1047
2826	94.6035
2827	96.5784
2828	99.0015
2829	103.272
2830	103.786
2831	102.442
2832	96.6232
2833	98.7023
2834	99.6983
2835	100.25
2836	101.505
2837	100.751
2838	101.913
2839	102.604
2840	102.223
2841	97.896
2842	94.6589
2843	96.2807
2844	97.8719
2845	97.2388
2846	93.4259
2847	93.0521
2848	92.9342
2849	91.6522
2850	88.937
2851	86.8286
2852	83.9144
2853	82.1951
2854	82.0041
2855	83.8139
2856	87.5791
2857	89.9897
2858	86.481
2859	83.7861
2860	78.2427
2861	75.9248
2862	75.5258
2863	73.0905
2864	75.4201
2865	73.5346
2866	81.3346
2867	82.6876
2868	83.9473
2869	84.6234
2870	87.4051
2871	88.301
2872	87.4915
2873	86.1772
2874	90.4036
2875	93.7422
2876	93.6272
2877	92.0736
2878	92.0582
2879	88.2685
2880	94.1689
2881	94.7961
2882	98.2746
2883	97.4777
2884	96.0752
2885	95.9988
2886	97.3633
2887	98.1272
2888	95.9394
2889	94.7837
2890	93.7042
2891	93.2328
2892	97.9903
2893	100.306
2894	97.0706
2895	95.6346
2896	93.0505
2897	87.7301
2898	88.1293
2899	91.2595
2900	96.2077
2901	96.5683
2902	98.4909
2903	98.3547
2904	100.847
2905	102.258
2906	99.5142
2907	97.4153
2908	99.1664
2909	100.446
2910	99.8045
2911	100.309
2912	97.2804
2913	94.1269
2914	89.7839
2915	92.0231
2916	89.1213
2917	86.4656
2918	86.2099
2919	85.946
2920	83.7071
2921	80.8073
2922	79.5235
2923	79.6086
2924	78.7092
2925	79.3094
2926	76.8117
2927	76.6251
2928	77.531
2929	77.4533
2930	78.3324
2931	78.898
2932	84.2159
2933	80.9261
2934	81.1432
2935	80.5677
2936	81.1265
2937	79.3215
2938	76.0592
2939	75.6122
2940	72.6925
2941	72.2234
2942	73.4999
2943	78.0333
2944	78.5121
2945	84.1344
2946	84.1927
2947	82.2254
2948	84.5991
2949	82.75
2950	83.5874
2951	83.8946
2952	83.7784
2953	85.4604
2954	88.6158
2955	90.7198
2956	90.5911
2957	91.3451
2958	90.1831
2959	95.1613
2960	91.2811
2961	92.029
2962	93.662
2963	96.4592
2964	94.203
2965	92.8079
2966	92.8712
2967	93.5946
2968	93.2131
2969	92.6119
2970	89.8251
2971	90.5835
2972	93.2227
2973	94.437
2974	90.3857
2975	92.5666
2976	90.8176
2977	86.882
2978	89.2256
2979	90.1436
2980	90.7571
2981	90.7239
2982	87.0027
2983	85.0021
2984	79.9111
2985	81.5161
2986	80.7204
2987	80.2177
2988	81.9399
2989	84.4442
2990	89.0558
2991	88.1434
2992	84.5107
2993	81.6311
2994	78.612
2995	81.6248
2996	79.2032
2997	82.2421
2998	81.0487
2999	85.3853
3000	88.3068
3001	91.4292
3002	89.9826
3003	91.2411
3004	90.1413
3005	91.9079
3006	94.4771
3007	94.7675
3008	95.4154
3009	96.6569
3010	96.334
3011	95.0942
3012	94.5239
3013	90.1482
3014	91.2071
3015	87.6824
3016	85.005
3017	89.1617
3018	88.898
3019	92.4691
3020	87.7675
3021	89.5786
3022	87.9821
3023	87.2644
3024	85.9365
3025	85.1141
3026	87.8927
3027	83.6514
3028	89.8221
3029	88.0781
3030	86.0009
3031	88.7178
3032	90.3708
3033	89.1615
3034	86.1035
3035	87.1916
3036	87.8398
3037	89.8905
3038	92.9886
3039	91.2669
3040	90.1139
3041	90.1468
3042	87.2033
3043	85.0643
3044	84.6754
3045	87.01
3046	84.3726
3047	86.2199
3048	85.1298
3049	87.6252
3050	88.5725
3051	88.3363
3052	88.4283
3053	89.1703
3054	90.135
3055	92.4343
3056	90.8914
3057	93.385
3058	95.1718
3059	96.5983
3060	97.5609
3061	99.3255
3062	97.667
3063	93.2464
3064	97.4019
3065	98.9951
3066	99.2935
3067	96.265
3068	98.15
3069	97.5982
3070	97.9547
3071	99.7656
3072	98.8088
3073	100.949
3074	103.567
3075	101.745
3076	104.105
3077	103.126
3078	103.275
3079	100.585
3080	97.2005
3081	94.9709
3082	92.665
3083	95.176
3084	96.2073
3085	96.9764
3086	99.0208
3087	99.2058
3088	99.2839
3089	97.8257
3090	92.9003
3091	90.9953
3092	93.5113
3093	91.8418
3094	90.6459
3095	91.5618
3096	89.4192
3097	92.3399
3098	92.0922
3099	91.4135
3100	91.7744
3101	95.0977
3102	98.1127
3103	98.7247
3104	97.1689
3105	100.246
3106	99.8902
3107	100.651
3108	100.428
3109	98.9564
3110	99.8153
3111	97.4211
3112	96.2015
3113	96.8275
3114	98.4058
3115	100.611
3116	98.0552
3117	99.9721
3118	98.1373
3119	95.5913
3120	98.1783
3121	96.3405
3122	96.473
3123	97.9436
3124	97.9949
3125	97.1349
3126	94.6521
3127	95.4605
3128	96.8047
3129	94.7971
3130	92.092
3131	91.6268
3132	92.7809
3133	91.473
3134	88.7815
3135	92.8732
3136	95.6227
3137	94.9853
3138	92.5948
3139	97.064
3140	100.496
3141	98.4326
3142	98.3971
3143	97.4222
3144	92.5879
3145	93.1095
3146	93.3826
3147	92.0422
3148	94.0576
3149	94.9992
3150	96.0476
3151	95.1502
3152	98.2313
3153	98.4977
3154	99.95
3155	101.402
3156	103.644
3157	103.441
3158	102.24
3159	102.272
3160	99.5705
3161	99.9829
3162	96.8756
3163	97.3955
3164	100.656
3165	97.9969
3166	95.5778
3167	95.8871
3168	93.0674
3169	94.3836
3170	97.5601
3171	91.849
3172	89.3417
3173	88.4552
3174	92.432
3175	94.1633
3176	92.1765
3177	92.7784
3178	91.9075
3179	93.332
3180	93.2322
3181	95.6165
3182	94.3632
3183	93.5751
3184	93.4174
3185	94.1704
3186	92.2997
3187	87.6765
3188	85.8221
3189	83.6985
3190	85.6129
3191	86.6729
3192	84.2737
3193	83.5755
3194	83.674
3195	86.0829
3196	86.3227
3197	87.8348
3198	93.7735
3199	96.8371
3200	93.9226
3201	97.6473
3202	99.3085
3203	96.3705
3204	97.3618
3205	95.358
3206	94.2398
3207	90.8645
3208	89.0713
3209	88.0721
3210	89.3037
3211	90.0676
3212	86.8924
3213	88.4651
3214	85.7381
3215	85.4011
3216	84.2125
3217	84.1201
3218	75.8217
3219	75.2333
3220	76.2811
3221	75.3923
3222	79.4962
3223	77.803
3224	77.8032
3225	82.8479
3226	79.7588
3227	80.2029
3228	79.6885
3229	81.4186
3230	82.6545
3231	86.3829
3232	83.2334
3233	84.3667
3234	86.4271
3235	86.2334
3236	86.9573
3237	85.3383
3238	88.9842
3239	90.4254
3240	91.6868
3241	95.5708
3242	98.9138
3243	98.2669
3244	101.633
3245	102.912
3246	101.142
3247	96.012
3248	98.155
3249	97.8155
3250	95.9788
3251	95.4495
3252	94.6392
3253	94.4083
3254	92.9997
3255	96.941
3256	99.2402
3257	98.7926
3258	99.0984
3259	97.236
3260	96.4667
3261	96.2138
3262	94.9786
3263	97.3222
3264	95.285
3265	97.1624
3266	95.3514
3267	94.3638
3268	93.8545
3269	90.9453
3270	90.1156
3271	93.5756
3272	90.5334
3273	93.9442
3274	93.0868
3275	91.2723
3276	90.3185
3277	87.8935
3278	87.684
3279	86.0867
3280	84.9994
3281	87.392
3282	81.5114
3283	81.3356
3284	80.3533
3285	80.2187
3286	82.2804
3287	86.0962
3288	82.5905
3289	82.6406
3290	81.9472
3291	83.6797
3292	83.6396
3293	83.6385
3294	81.1304
3295	78.3802
3296	78.9813
3297	75.3834
3298	69.7333
3299	75.667
3300	74.6515
3301	68.5738
3302	70.7744
3303	68.0237
3304	67.0795
3305	67.3999
3306	72.1053
3307	68.478
3308	72.6852
3309	71.8708
3310	67.0478
3311	69.3047
3312	71.9316
3313	70.4918
3314	75.1015
3315	73.3901
3316	69.2563
3317	69.7553
3318	62.7189
3319	62.2648
3320	61.4789
3321	60.1458
3322	63.4792
3323	66.3153
3324	69.0037
3325	70.3224
3326	73.2769
3327	77.5304
3328	79.2515
3329	76.8813
3330	70.0219
3331	66.2012
3332	63.847
3333	65.0287
3334	64.1794
3335	66.8264
3336	66.8245
3337	66.8175
3338	64.3062
3339	68.5452
3340	66.0834
3341	67.7401
3342	70.1462
3343	73.3264
3344	77.0121
3345	82.0595
3346	87.0035
3347	91.6284
3348	94.2966
3349	95.3991
3350	99.3518
3351	98.3194
3352	100.365
3353	101.532
3354	99.8508
3355	97.2155
3356	97.7985
3357	97.1527
3358	98.9591
3359	99.6659
3360	98.5225
3361	100.966
3362	97.8198
3363	96.8479
3364	97.3209
3365	97.696
3366	95.0249
3367	92.9712
3368	91.5174
3369	89.1934
3370	90.0124
3371	93.6265
3372	94.52
3373	95.2266
3374	94.4075
3375	92.9415
3376	89.1728
3377	83.4489
3378	83.7025
3379	86.4636
3380	88.904
3381	86.6651
3382	87.735
3383	87.3737
3384	89.4925
3385	89.6831
3386	88.618
3387	96.6401
3388	98.8208
3389	97.3305
3390	97.4885
3391	96.3078
3392	94.8166
3393	91.6165
3394	92.3783
3395	92.2225
3396	93.2535
3397	91.6317
3398	91.9516
3399	89.8035
3400	94.2492
3401	96.1792
3402	96.3312
3403	94.988
3404	93.535
3405	93.9689
3406	96.2053
3407	99.9823
3408	99.6029
3409	96.2433
3410	92.7119
3411	89.4561
3412	90.2561
3413	87.4219
3414	84.4087
3415	82.8731
3416	83.0631
3417	81.3077
3418	81.6359
3419	81.2078
3420	78.4169
3421	82.3155
3422	83.1389
3423	83.7681
3424	86.4394
3425	88.7845
3426	89.7364
3427	84.6259
3428	87.8036
3429	87.3924
3430	85.5241
3431	84.3324
3432	87.4571
3433	89.0237
3434	91.3364
3435	94.2049
3436	93.7068
3437	94.2547
3438	94.2217
3439	95.5167
3440	93.3818
3441	95.0798
3442	96.0204
3443	98.3169
3444	95.3019
3445	93.7245
3446	95.4619
3447	94.6503
3448	92.4726
3449	91.3671
3450	92.8656
3451	92.012
3452	86.7408
3453	83.2939
3454	78.0926
3455	78.2152
3456	83.7789
3457	87.5297
3458	86.3591
3459	88.3556
3460	95.7475
3461	92.6982
3462	95.9699
3463	95.1274
3464	92.8347
3465	91.8831
3466	90.3081
3467	93.2688
3468	94.5146
3469	98.5321
3470	99.8078
3471	98.661
3472	97.0624
3473	95.1793
3474	91.633
3475	95.4671
3476	92.5136
3477	93.6743
3478	93.4474
3479	89.0232
3480	88.2551
3481	86.3214
3482	83.606
3483	87.1114
3484	90.1103
3485	93.7138
3486	90.7498
3487	89.4275
3488	93.0018
3489	94.5972
3490	94.0495
3491	94.9431
3492	97.1692
3493	99.8597
3494	100.062
3495	100.349
3496	97.1032
3497	96.3853
3498	97.6828
3499	93.832
3500	95.6742
3501	93.4356
3502	91.8422
3503	94.3562
3504	95.0004
3505	92.4904
3506	94.1902
3507	94.4435
3508	94.9271
3509	97.7394
3510	100.058
3511	100.278
3512	99.938
3513	96.6176
3514	97.8481
3515	98.7122
3516	99.8597
3517	101.224
3518	99.2706
3519	101.897
3520	104.367
3521	102.03
3522	99.5974
3523	103.178
3524	104.827
3525	102.215
3526	100.969
3527	98.8662
3528	96.587
3529	96.0894
3530	95.7032
3531	92.5463
3532	88.6399
3533	90.163
3534	87.8086
3535	89.9509
3536	90.1549
3537	89.4651
3538	89.9056
3539	93.1727
3540	93.6409
3541	92.9689
3542	91.305
3543	89.3778
3544	93.1071
3545	87.7802
3546	92.3029
3547	91.3208
3548	91.795
3549	93.5604
3550	94.2899
3551	90.4456
3552	89.7587
3553	86.8817
3554	88.2661
3555	88.023
3556	86.0481
3557	83.649
3558	84.5052
3559	86.4026
3560	89.2757
3561	93.0563
3562	95.0957
3563	93.863
3564	91.1729
3565	94.3413
3566	99.1498
3567	99.3205
3568	95.5735
3569	93.9177
3570	96.9536
3571	94.7384
3572	93.2627
3573	97.238
3574	95.9151
3575	93.5049
3576	93.0501
3577	94.3374
3578	97.723
3579	98.7518
3580	96.8964
3581	99.5739
3582	98.5426
3583	93.2429
3584	88.5357
3585	90.3062
3586	92.1767
3587	91.4935
3588	94.9325
3589	93.9856
3590	91.4681
3591	88.7849
3592	91.4042
3593	87.4897
3594	89.0923
3595	92.4259
3596	90.5501
3597	89.3413
3598	87.7858
3599	86.0135
3600	84.5157
3601	83.9975
3602	82.4542
3603	80.0741
3604	77.6924
3605	79.6528
3606	81.1433
3607	80.2987
3608	82.8043
3609	84.7311
3610	86.4271
3611	88.6092
3612	88.5535
3613	88.6294
3614	90.2196
3615	91.6145
3616	96.0641
3617	95.5348
3618	95.7211
3619	94.5437
3620	87.1964
3621	87.8427
3622	86.7375
3623	90.7717
3624	93.5181
3625	89.7948
3626	87.8181
3627	87.9655
3628	87.8234
3629	86.0963
3630	87.5053
3631	86.173
3632	81.8431
3633	80.8063
3634	77.1672
3635	77.0168
3636	75.8744
3637	72.874
3638	70.8148
3639	70.7123
3640	74.2245
3641	73.7892
3642	75.7257
3643	73.0197
3644	73.7146
3645	80.5605
3646	77.3389
3647	82.0553
3648	82.3943
3649	85.031
3650	87.5682
3651	83.7592
3652	85.2316
3653	82.4822
3654	83.1888
3655	79.1873
3656	82.0429
3657	79.5101
3658	80.0282
3659	85.2179
3660	88.1299
3661	85.2345
3662	83.2877
3663	86.0859
3664	86.347
3665	84.5778
3666	82.4451
3667	86.1135
3668	86.4168
3669	86.2184
3670	85.6464
3671	82.6676
3672	83.556
3673	86.6334
3674	86.6157
3675	86.1591
3676	84.4647
3677	84.4978
3678	84.492
3679	85.6576
3680	85.1807
3681	87.6223
3682	90.1486
3683	91.8127
3684	92.8283
3685	94.9726
3686	98.9144
3687	98.85
3688	97.6485
3689	94.4768
3690	92.3381
3691	94.9845
3692	92.4855
3693	91.7818
3694	92.4609
3695	97.1298
3696	92.6822
3697	91.9579
3698	90.3964
3699	91.8411
3700	90.3769
3701	89.9041
3702	89.905
3703	95.0308
3704	92.6852
3705	93.6116
3706	92.6266
3707	91.8529
3708	94.2073
3709	96.6095
3710	98.6284
3711	96.1396
3712	96.465
3713	97.6244
3714	97.7653
3715	96.6826
3716	95.7792
3717	96.9349
3718	100.635
3719	98.7371
3720	94.3228
3721	92.7236
3722	90.3512
3723	88.232
3724	83.9025
3725	85.637
3726	86.9544
3727	89.379
3728	90.2695
3729	89.2719
3730	88.0503
3731	91.3265
3732	89.7124
3733	88.3639
3734	91.2454
3735	91.1909
3736	90.3286
3737	93.9077
3738	99.0363
3739	93.815
3740	94.9012
3741	93.4792
3742	95.0833
3743	92.7131
3744	92.6443
3745	92.713
3746	90.0213
3747	91.6999
3748	95.3226
3749	94.9168
3750	98.3278
3751	97.2102
3752	98.0444
3753	99.0069
3754	95.4625
3755	93.8997
3756	95.8844
3757	93.14
3758	94.5359
3759	92.0187
3760	93.7422
3761	94.4914
3762	94.48
3763	98.0735
3764	97.8096
3765	93.6759
3766	91.7785
3767	91.5287
3768	90.4445
3769	92.3472
3770	94.2268
3771	97.1167
3772	94.483
3773	91.446
3774	90.5407
3775	93.8028
3776	93.1128
3777	91.3845
3778	95.0192
3779	97.3673
3780	98.2064
3781	95.9346
3782	92.9862
3783	94.1735
3784	95.0247
3785	96.6574
3786	96.2735
3787	94.7724
3788	96.8877
3789	95.2566
3790	92.2684
3791	92.4054
3792	88.9153
3793	90.1614
3794	90.5654
3795	94.5848
3796	92.0701
3797	91.0277
3798	85.3198
3799	91.519
3800	90.4256
3801	93.9305
3802	95.6465
3803	93.7863
3804	92.0763
3805	94.361
3806	93.4913
3807	97.6327
3808	94.6867
3809	93.0393
3810	94.9093
3811	96.1318
3812	93.4877
3813	94.9088
3814	92.6014
3815	95.3561
3816	95.9448
3817	101.54
3818	104.205
3819	101.932
3820	101.278
3821	98.5011
3822	97.2043
3823	96.2497
3824	95.4834
3825	95.4194
3826	98.9532
3827	102.685
3828	100.573
3829	98.4423
3830	100.457
3831	102.419
3832	99.3096
3833	97.1729
3834	97.0968
3835	94.6818
3836	94.0928
3837	93.9704
3838	93.3063
3839	94.6554
3840	95.9279
3841	98.8147
3842	98.1495
3843	95.789
3844	95.8911
3845	98.0671
3846	99.2604
3847	102.379
3848	98.0445
3849	97.0632
3850	94.1115
3851	98.0131
3852	99.4351
3853	98.4611
3854	100.472
3855	98.5242
3856	100.085
3857	102.146
3858	102.065
3859	101.038
3860	98.9548
3861	96.3754
3862	95.4712
3863	91.9191
3864	92.1956
3865	88.3288
3866	90.6306
3867	93.8059
3868	91.5997
3869	94.9286
3870	92.1489
3871	91.6666
3872	87.908
3873	94.2751
3874	95.8315
3875	93.3678
3876	93.0919
3877	92.0894
3878	87.5438
3879	86.7978
3880	88.2814
3881	82.1697
3882	80.5492
3883	82.0195
3884	89.6915
3885	92.3467
3886	94.8858
3887	93.5303
3888	92.9558
3889	94.0075
3890	96.3186
3891	96.3089
3892	94.5251
3893	89.6885
3894	93.191
3895	91.6561
3896	92.6176
3897	89.7789
3898	88.2662
3899	91.2788
3900	90.6672
3901	89.4255
3902	89.1245
3903	91.8349
3904	87.9714
3905	84.3262
3906	84.8138
3907	82.9855
3908	78.9721
3909	80.467
3910	82.3106
3911	85.2516
3912	92.1523
3913	92.932
3914	95.0727
3915	95.659
3916	93.57
3917	93.9127
3918	93.7166
3919	93.0953
3920	91.0898
3921	95.2281
3922	95.7615
3923	93.0512
3924	95.8569
3925	93.8836
3926	95.7759
3927	93.4017
3928	93.0079
3929	91.855
3930	88.6236
3931	88.8218
3932	89.8629
3933	90.2589
3934	88.2648
3935	88.4763
3936	87.1157
3937	86.4298
3938	89.6795
3939	88.4251
3940	88.8531
3941	88.9072
3942	86.9936
3943	85.4171
3944	88.5222
3945	83.6836
3946	84.6689
3947	84.2091
3948	85.5862
3949	84.2917
3950	81.1897
3951	80.8823
3952	80.7756
3953	76.7481
3954	73.9736
3955	75.3574
3956	80.619
3957	83.5873
3958	78.874
3959	83.9027
3960	82.337
3961	80.7813
3962	82.9337
3963	81.9992
3964	78.1662
3965	77.5036
3966	81.109
3967	75.5644
3968	78.1372
3969	82.1175
3970	81.9472
3971	82.0572
3972	82.663
3973	83.9875
3974	86.7314
3975	89.8223
3976	83.9151
3977	81.9142
3978	83.1076
3979	82.3115
3980	88.0949
3981	89.6555
3982	90.9562
3983	93.4288
3984	95.6185
3985	92.556
3986	91.211
3987	92.7075
3988	92.0936
3989	87.2112
3990	83.5632
3991	84.2818
3992	80.8046
3993	83.7682
3994	88.8425
3995	92.1433
3996	91.5443
3997	90.0721
3998	92.2642
3999	93.6722
4000	94.6014
4001	95.5885
4002	95.8455
4003	99.8837
4004	98.4614
4005	95.4759
4006	97.3208
4007	93.9133
4008	94.6119
4009	91.6486
4010	91.1383
4011	93.2398
4012	97.5263
4013	100.879
4014	98.0891
4015	90.3211
4016	86.279
4017	84.7311
4018	88.3126
4019	91.5725
4020	88.188
4021	91.416
4022	92.0898
4023	91.6116
4024	93.3338
4025	91.656
4026	94.5194
4027	92.8317
4028	92.2719
4029	95.5699
4030	93.4879
4031	89.6228
4032	84.3133
4033	83.2996
4034	82.3178
4035	83.3983
4036	87.1806
4037	85.3968
4038	85.4853
4039	84.9823
4040	82.6365
4041	82.5276
4042	84.4093
4043	81.0638
4044	83.0388
4045	85.4103
4046	91.4956
4047	92.7215
4048	91.0123
4049	92.3326
4050	92.4971
4051	96.5168
4052	94.395
4053	91.3351
4054	91.7932
4055	89.921
4056	88.3132
4057	89.9695
4058	92.104
4059	95.9878
4060	96.8614
4061	98.2011
4062	100.962
4063	99.1497
4064	93.7365
4065	94.47
4066	93.3744
4067	92.9351
4068	93.6338
4069	94.3742
4070	93.74
4071	95.5084
4072	92.5152
4073	90.881
4074	95.189
4075	92.0049
4076	95.2908
4077	95.3365
4078	97.6218
4079	99.7372
4080	99.4056
4081	99.7742
4082	98.4192
4083	99.0896
4084	99.7756
4085	99.4044
4086	98.8079
4087	100.554
4088	100.843
4089	96.8947
4090	100.1
4091	99.2943
4092	96.8756
4093	95.5292
4094	97.9785
4095	95.7071
4096	98.7772
4097	98.2471
4098	96.746
4099	90.6777
4100	88.2866
4101	85.1463
4102	86.5731
4103	88.7167
4104	93.1609
4105	88.7848
4106	88.1947
4107	87.6411
4108	88.9298
4109	88.846
4110	85.6969
4111	82.2898
4112	84.6723
4113	80.8657
4114	86.4759
4115	88.1861
4116	88.4542
4117	85.7124
4118	85.8429
4119	85.1988
4120	85.0059
4121	89.9179
4122	90.0961
4123	91.54
4124	92.941
4125	92.8574
4126	91.123
4127	97.5116
4128	95.0566
4129	97.0816
4130	93.8576
4131	95.7584
4132	96.4047
4133	94.7426
4134	95.5189
4135	93.0218
4136	93.5307
4137	91.2499
4138	92.7711
4139	94.5204
4140	93.3144
4141	92.8811
4142	88.9705
4143	87.6807
4144	89.1458
4145	91.4564
4146	92.0703
4147	92.4999
4148	95.0625
4149	97.2321
4150	95.6626
4151	93.537
4152	95.4105
4153	95.6892
4154	91.9368
4155	95.3207
4156	95.9039
4157	95.7858
4158	92.258
4159	90.953
4160	92.6114
4161	94.3578
4162	94.5764
4163	94.1854
4164	93.9761
4165	96.2155
4166	93.9184
4167	95.0747
4168	92.1277
4169	96.3677
4170	100.628
4171	101.067
4172	100.228
4173	100.78
4174	99.8897
4175	96.7706
4176	99.4027
4177	98.5875
4178	100.405
4179	101.626
4180	102.052
4181	99.9829
4182	99.761
4183	96.5241
4184	97.5625
4185	96.9109
4186	96.9108
4187	99.1829
4188	101.877
4189	98.8342
4190	95.6855
4191	97.3831
4192	97.97
4193	99.0444
4194	99.6627
4195	100.172
4196	99.4896
4197	95.7578
4198	95.3338
4199	97.3216
4200	98.0803
4201	92.8626
4202	89.0354
4203	91.391
4204	94.3556
4205	93.6314
4206	98.899
4207	97.2099
4208	96.0583
4209	95.8877
4210	97.3903
4211	96.6541
4212	100.554
4213	100.619
4214	99.044
4215	95.5001
4216	93.4507
4217	95.4965
4218	95.6519
4219	95.7364
4220	95.0541
4221	93.4674
4222	92.0523
4223	93.2455
4224	95.6368
4225	100.219
4226	99.7957
4227	99.5647
4228	97.8859
4229	95.3834
4230	94.9772
4231	94.4773
4232	92.8049
4233	96.3077
4234	99.1438
4235	101.455
4236	98.5026
4237	96.2647
4238	94.3839
4239	96.1662
4240	95.0569
4241	95.8807
4242	97.3953
4243	94.6431
4244	93.8568
4245	94.318
4246	92.4727
4247	94.2625
4248	91.2137
4249	88.068
4250	87.5012
4251	92.8917
4252	92.3701
4253	90.5079
4254	92.1686
4255	93.0032
4256	92.7603
4257	89.2864
4258	89.3277
4259	86.9723
4260	80.9621
4261	79.0717
4262	74.8359
4263	72.6013
4264	73.3899
4265	71.4413
4266	73.2585
4267	72.569
4268	75.7452
4269	79.6401
4270	80.9536
4271	82.3647
4272	76.2668
4273	78.2741
4274	79.7921
4275	79.7799
4276	82.7802
4277	81.8138
4278	85.6307
4279	87.7263
4280	86.9182
4281	85.4051
4282	86.195
4283	89.2408
4284	90.7347
4285	86.1436
4286	85.9926
4287	87.3019
4288	93.4032
4289	94.0792
4290	93.046
4291	94.6082
4292	92.4598
4293	95.5082
4294	95.5867
4295	95.5236
4296	93.5911
4297	91.5839
4298	90.5141
4299	89.6703
4300	89.1173
4301	87.3081
4302	85.1619
4303	83.2505
4304	85.2198
4305	83.991
4306	80.7463
4307	77.5919
4308	76.5844
4309	79.355
4310	84.7694
4311	79.7885
4312	81.3973
4313	80.2664
4314	83.5337
4315	80.835
4316	75.7571
4317	77.2474
4318	74.8497
4319	74.9388
4320	78.0441
4321	74.9853
4322	76.9456
4323	81.6182
4324	84.3046
4325	85.1758
4326	84.3313
4327	84.1204
4328	83.7096
4329	82.4265
4330	81.3489
4331	80.3983
4332	81.4329
4333	82.8742
4334	88.095
4335	89.3335
4336	85.3343
4337	85.2347
4338	88.7476
4339	85.1821
4340	80.6626
4341	85.9112
4342	90.4763
4343	91.3424
4344	93.8253
4345	99.2988
4346	98.4336
4347	94.7763
4348	93.7552
4349	92.3532
4350	94.4106
4351	89.2816
4352	88.5492
4353	90.8756
4354	91.6353
4355	93.5616
4356	96.712
4357	98.9904
4358	99.1225
4359	98.9485
4360	98.1852
4361	101.124
4362	100.486
4363	99.3728
4364	97.3393
4365	96.7102
4366	93.7481
4367	92.5149
4368	90.8302
4369	89.6988
4370	89.9536
4371	88.4497
4372	84.8759
4373	87.6961
4374	89.8652
4375	90.7064
4376	90.295
4377	84.2645
4378	80.0207
4379	81.4132
4380	86.2079
4381	86.6589
4382	90.2162
4383	92.0877
4384	90.7674
4385	87.2933
4386	88.4787
4387	93.5537
4388	96.8449
4389	99.7801
4390	102.428
4391	100.581
4392	101.809
4393	98.0216
4394	99.3329
4395	95.6614
4396	97.6201
4397	95.2312
4398	96.9899
4399	96.5899
4400	92.7454
4401	89.6206
4402	88.9833
4403	88.666
4404	92.8679
4405	93.2757
4406	95.4716
4407	95.5263
4408	92.8646
4409	92.5509
4410	98.1288
4411	98.1166
4412	96.2377
4413	91.4579
4414	86.759
4415	85.4243
4416	88.1652
4417	86.1139
4418	85.3544
4419	86.9811
4420	88.1249
4421	89.6461
4422	91.6507
4423	89.2371
4424	87.3752
4425	82.9254
4426	84.1736
4427	81.8716
4428	81.6093
4429	87.9323
4430	87.2865
4431	90.1003
4432	88.7521
4433	86.992
4434	85.5053
4435	86.1828
4436	85.3874
4437	89.0037
4438	88.8522
4439	86.0155
4440	80.0446
4441	83.5098
4442	83.6339
4443	86.9322
4444	89.783
4445	89.6739
4446	87.8417
4447	89.9578
4448	92.0856
4449	90.9224
4450	90.0065
4451	87.4215
4452	87.4364
4453	86.8159
4454	88.0002
4455	86.1682
4456	88.7342
4457	89.3947
4458	92.7453
4459	92.7654
4460	94.5232
4461	94.7221
4462	94.4615
4463	92.5259
4464	98.2725
4465	97.7975
4466	94.0114
4467	95.2921
4468	93.1066
4469	91.5438
4470	92.8674
4471	92.4588
4472	91.6128
4473	88.9151
4474	90.7735
4475	90.4305
4476	84.8471
4477	89.156
4478	92.8797
4479	91.4665
4480	93.299
4481	88.4111
4482	87.4534
4483	87.5107
4484	89.2717
4485	91.3501
4486	87.319
4487	87.8162
4488	87.0221
4489	88.4582
4490	85.0813
4491	85.588
4492	86.9648
4493	82.7891
4494	85.4756
4495	82.9445
4496	84.1639
4497	87.627
4498	86.8734
4499	87.7439
4500	84.1899
4501	89.1012
4502	91.4986
4503	92.8412
4504	89.934
4505	90.4077
4506	86.138
4507	84.4382
4508	86.8862
4509	84.317
4510	86.9208
4511	88.1243
4512	91.1775
4513	88.0293
4514	92.0472
4515	93.8949
4516	94.6253
4517	90.5031
4518	86.405
4519	86.2166
4520	85.3887
4521	91.7101
4522	91.3574
4523	93.6941
4524	89.2914
4525	91.4273
4526	92.4618
4527	93.7369
4528	93.2426
4529	93.9877
4530	94.8178
4531	99.535
4532	99.2625
4533	97.5626
4534	99.815
4535	96.5726
4536	93.4844
4537	92.8647
4538	93.0512
4539	95.8325
4540	89.2176
4541	86.4793
4542	86.2162
4543	87.867
4544	91.9412
4545	92.1029
4546	87.7112
4547	87.4624
4548	89.8114
4549	88.5201
4550	87.8241
4551	87.3233
4552	88.5289
4553	87.2725
4554	87.4823
4555	80.1608
4556	79.855
4557	77.4207
4558	78.2664
4559	83.7927
4560	85.3487
4561	88.7377
4562	91.9833
4563	91.2517
4564	96.4559
4565	91.418
4566	93.8861
4567	96.1121
4568	96.4465
4569	98.5147
4570	96.3352
4571	95.1037
4572	93.8275
4573	96.2608
4574	94.1672
4575	93.2949
4576	95.6087
4577	97.9436
4578	96.5381
4579	94.6408
4580	98.864
4581	102.079
4582	103.239
4583	101.911
4584	97.0273
4585	92.1951
4586	90.0644
4587	93.1297
4588	95.4313
4589	96.0188
4590	96.5235
4591	98.8116
4592	98.9259
4593	99.6494
4594	97.6067
4595	96.685
4596	97.3893
4597	93.9351
4598	91.9925
4599	89.4464
4600	85.4656
4601	82.1536
4602	79.9947
4603	79.7211
4604	73.9747
4605	75.9258
4606	76.639
4607	73.3747
4608	74.5263
4609	77.1921
4610	77.4416
4611	82.5636
4612	85.7852
4613	85.784
4614	84.4526
4615	84.57
4616	86.3646
4617	88.4194
4618	85.9216
4619	85.2753
4620	85.1893
4621	85.0391
4622	82.4485
4623	83.6762
4624	82.4465
4625	82.2049
4626	82.391
4627	83.1219
4628	86.1932
4629	88.5168
4630	92.8406
4631	94.4137
4632	96.0695
4633	96.5367
4634	96.402
4635	94.209
4636	92.1258
4637	96.7476
4638	97.2327
4639	95.9233
4640	94.867
4641	93.718
4642	90.5735
4643	92.7972
4644	96.143
4645	95.9125
4646	93.1219
4647	94.7707
4648	94.9619
4649	96.6443
4650	96.2956
4651	98.7724
4652	100.121
4653	102.949
4654	100.089
4655	99.6221
4656	99.5321
4657	102.214
4658	102.283
4659	98.9236
4660	100.811
4661	98.4896
4662	96.0342
4663	95.4039
4664	97.4578
4665	90.6516
4666	88.6107
4667	89.061
4668	92.4711
4669	89.0481
4670	90.8972
4671	87.4644
4672	90.7291
4673	92.4505
4674	94.3091
4675	97.1638
4676	94.6052
4677	93.8188
4678	94.3705
4679	94.8757
4680	98.1137
4681	97.5759
4682	95.5673
4683	92.0582
4684	96.2317
4685	96.3157
4686	93.995
4687	91.5713
4688	89.1953
4689	92.0659
4690	93.0709
4691	95.1862
4692	95.3606
4693	98.5088
4694	97.5663
4695	94.584
4696	94.4842
4697	92.6233
4698	93.442
4699	93.4075
4700	94.0886
4701	90.9413
4702	85.3718
4703	88.5276
4704	91.3399
4705	94.7966
4706	90.6618
4707	89.222
4708	93.1745
4709	86.2352
4710	84.9588
4711	83.2791
4712	88.0239
4713	83.9558
4714	87.8911
4715	90.409
4716	91.8609
4717	85.3032
4718	84.1705
4719	85.3057
4720	82.7657
4721	80.2296
4722	79.8027
4723	78.7481
4724	82.6112
4725	83.086
4726	87.1804
4727	87.0513
4728	89.5247
4729	90.134
4730	87.1926
4731	87.2088
4732	87.6807
4733	90.0617
4734	90.4571
4735	92.0843
4736	95.9011
4737	94.8366
4738	93.8087
4739	94.9216
4740	98.5985
4741	96.9242
4742	97.3717
4743	99.1121
4744	101.448
4745	103.712
4746	100.776
4747	98.5418
4748	96.6624
4749	92.4383
4750	91.4878
4751	94.1194
4752	91.0506
4753	91.3109
4754	91.2129
4755	92.8582
4756	98.2637
4757	97.1548
4758	94.3676
4759	93.6458
4760	91.9344
4761	88.0108
4762	91.4817
4763	94.4363
4764	87.4278
4765	88.8825
4766	91.1864
4767	91.4742
4768	89.3392
4769	92.2524
4770	92.3445
4771	94.531
4772	90.7605
4773	90.0708
4774	89.2865
4775	85.6065
4776	83.3006
4777	81.458
4778	84.2174
4779	86.467
4780	91.9702
4781	91.7468
4782	91.1776
4783	91.2624
4784	92.4251
4785	89.6826
4786	90.7098
4787	94.7415
4788	94.7059
4789	96.6341
4790	97.3407
4791	99.3774
4792	96.5163
4793	94.8816
4794	93.3532
4795	91.0509
4796	95.2572
4797	95.483
4798	98.8066
4799	100.189
4800	101.49
4801	100.611
4802	97.6742
4803	95.173
4804	93.8381
4805	95.5596
4806	92.9866
4807	92.6908
4808	93.8311
4809	90.8654
4810	91.6441
4811	92.6544
4812	95.834
4813	98.5538
4814	100.055
4815	101.186
4816	100.835
4817	102.12
4818	97.7722
4819	97.2467
4820	97.9673
4821	97.8477
4822	90.9707
4823	93.254
4824	92.4435
4825	94.904
4826	92.4439
4827	89.3522
4828	93.7344
4829	91.5903
4830	94.8113
4831	88.7222
4832	84.5337
4833	80.8674
4834	84.7246
4835	81.6238
4836	87.7762
4837	90.6571
4838	90.6175
4839	90.6741
4840	91.0381
4841	89.1538
4842	90.6015
4843	92.4945
4844	89.2985
4845	88.2283
4846	89.0293
4847	86.4576
4848	92.8649
4849	90.7294
4850	89.3422
4851	84.3077
4852	83.0945
4853	86.6103
4854	91.4628
4855	91.2926
4856	91.2056
4857	94.7515
4858	95.3184
4859	94.4807
4860	98.176
4861	97.3961
4862	98.6785
4863	95.7703
4864	94.588
4865	96.6843
4866	92.1295
4867	92.8507
4868	91.1364
4869	88.4598
4870	87.4409
4871	93.7756
4872	94.7044
4873	93.7437
4874	91.124
4875	92.187
4876	91.9282
4877	93.4558
4878	90.6426
4879	96.6316
4880	94.1718
4881	97.0499
4882	100.178
4883	99.7721
4884	95.1397
4885	93.9759
4886	95.139
4887	94.1186
4888	92.7993
4889	91.9374
4890	86.2825
4891	84.8865
4892	83.0466
4893	86.0362
4894	88.9085
4895	89.5945
4896	89.4866
4897	92.5862
4898	96.3586
4899	94.5878
4900	91.8995
4901	90.5456
4902	88.0026
4903	94.0647
4904	92.3361
4905	88.2866
4906	87.3481
4907	84.8741
4908	85.8395
4909	85.6198
4910	86.38
4911	85.8781
4912	85.2189
4913	83.9123
4914	85.419
4915	81.5601
4916	79.3315
4917	81.3094
4918	86.1968
4919	84.0942
4920	85.2003
4921	83.7451
4922	82.3892
4923	79.8125
4924	84.1585
4925	84.3425
4926	83.4948
4927	78.9611
4928	75.0657
4929	77.8687
4930	80.8951
4931	87.24
4932	88.1096
4933	87.7092
4934	87.6709
4935	90.0767
4936	93.5875
4937	96.1117
4938	100.22
4939	98.6234
4940	97.9985
4941	98.123
4942	96.9684
4943	97.6952
4944	95.2855
4945	92.8158
4946	93.8392
4947	92.3792
4948	91.6883
4949	92.0209
4950	90.1693
4951	91.6516
4952	95.3045
4953	93.3275
4954	93.0155
4955	94.9877
4956	93.4781
4957	95.0555
4958	94.4761
4959	91.2644
4960	95.8338
4961	98.6565
4962	99.8199
4963	99.4821
4964	100.388
4965	96.4495
4966	92.9628
4967	91.8938
4968	88.4314
4969	86.1401
4970	85.0405
4971	85.9811
4972	90.1418
4973	94.6558
4974	92.8785
4975	90.8949
4976	89.2627
4977	88.3749
4978	87.2954
4979	88.9226
4980	91.2052
4981	94.1815
4982	87.377
4983	89.1553
4984	92.7023
4985	98.5319
4986	101.095
4987	100.232
4988	99.7691
4989	100.412
4990	101.457
4991	97.3054
4992	98.067
4993	95.2271
4994	94.7154
4995	93.5372
4996	96.2086
4997	100.521
4998	98.1253
4999	93.1357
5000	96.8026
5001	100.428
5002	95.937
5003	92.2526
5004	93.5238
5005	94.753
5006	95.23
5007	93.283
5008	92.6544
5009	91.9353
5010	92.7757
5011	90.509
5012	89.1771
5013	90.1724
5014	89.5224
5015	93.7167
5016	96.6126
5017	96.1274
5018	95.4544
5019	94.9628
5020	95.3084
5021	98.1397
5022	97.2665
5023	96.4145
5024	93.0811
5025	93.184
5026	90.5408
5027	92.1459
5028	94.3963
5029	91.4348
5030	91.9972
5031	93.6253
5032	89.3132
5033	92.3423
5034	90.5357
5035	94.3621
5036	96.4992
5037	97.761
5038	95.62
5039	97.0477
5040	97.6978
5041	97.1779
5042	96.2734
5043	96.351
5044	96.754
5045	98.5128
5046	99.8325
5047	100.275
5048	100.2
5049	100.038
5050	98.1527
5051	96.8293
5052	95.3276
5053	93.1613
5054	95.0532
5055	95.8272
5056	92.9429
5057	91.6643
5058	92.0863
5059	90.7019
5060	89.3892
5061	85.4526
5062	82.8155
5063	82.5282
5064	86.3532
5065	89.6769
5066	90.475
5067	91.0352
5068	89.4873
5069	89.22
5070	92.267
5071	87.1429
5072	82.2522
5073	79.5771
5074	78.2406
5075	85.2744
5076	84.2836
5077	84.4068
5078	83.0491
5079	84.8812
5080	84.9965
5081	84.6253
5082	88.577
5083	85.9232
5084	87.9659
5085	87.3111
5086	84.5314
5087	89.6196
5088	89.556
5089	89.9152
5090	89.4611
5091	93.6966
5092	90.7682
5093	92.1318
5094	93.0013
5095	92.5556
5096	93.7592
5097	92.3313
5098	93.8693
5099	92.991
5100	91.5501
5101	92.6601
5102	87.8138
5103	89.1729
5104	90.2772
5105	90.1253
5106	92.8546
5107	97.4036
5108	99.8965
5109	102.806
5110	102.21
5111	105.35
5112	102.167
5113	99.0425
5114	97.7352
5115	96.1327
5116	96.3642
5117	95.2994
5118	92.3136
5119	94.2758
5120	97.0049
5121	96.794
5122	95.2871
5123	91.4603
5124	87.1642
5125	84.7524
5126	82.4842
5127	84.0946
5128	84.782
5129	86.6629
5130	81.522
5131	83.252
5132	81.8167
5133	85.1313
5134	81.87
5135	82.0384
5136	86.4055
5137	90.6208
5138	93.0917
5139	94.0417
5140	90.2197
5141	85.7227
5142	88.2735
5143	87.7649
5144	84.7381
5145	84.865
5146	85.316
5147	89.1698
5148	87.0605
5149	91.4669
5150	91.9905
5151	85.656
5152	86.3963
5153	86.4189
5154	83.4288
5155	81.781
5156	82.781
5157	84.0648
5158	82.6212
5159	82.7544
5160	87.008
5161	84.7293
5162	82.0727
5163	85.8024
5164	86.4512
5165	82.8865
5166	78.9046
5167	78.2887
5168	80.6742
5169	84.5966
5170	79.4195
5171	84.0309
5172	85.8939
5173	90.1441
5174	88.6698
5175	86.0236
5176	88.9975
5177	86.7406
5178	84.9558
5179	89.5029
5180	92.7734
5181	92.95
5182	87.8226
5183	87.5361
5184	85.9728
5185	83.6041
5186	84.8697
5187	87.7669
5188	84.6286
5189	82.3372
5190	80.1249
5191	77.6694
5192	77.9595
5193	75.3816
5194	76.3859
5195	75.5858
5196	76.7688
5197	78.5802
5198	76.2923
5199	75.4633
5200	72.1425
5201	74.489
5202	71.7554
5203	74.8938
5204	72.2846
5205	74.5222
5206	74.6775
5207	74.6179
5208	76.878
5209	78.747
5210	76.4528
5211	78.251
5212	79.6103
5213	80.7369
5214	80.4666
5215	86.7729
5216	90.8016
5217	93.5926
5218	93.1543
5219	93.543
5220	87.4675
5221	84.5002
5222	82.5992
5223	85.6835
5224	84.1514
5225	85.8816
5226	84.0533
5227	84.3101
5228	89.4412
5229	85.5275
5230	84.4272
5231	85.4576
5232	85.3522
5233	91.7428
5234	90.2177
5235	90.2389
5236	93.3306
5237	91.8726
5238	91.8779
5239	87.0452
5240	85.607
5241	84.8294
5242	84.0453
5243	83.4357
5244	86.3645
5245	84.8724
5246	82.4292
5247	84.8127
5248	84.5989
5249	84.8488
5250	89.909
5251	91.0461
5252	92.1844
5253	92.8469
5254	92.6045
5255	88.8388
5256	86.9572
5257	87.1568
5258	83.3562
5259	83.0085
5260	77.6433
5261	76.0272
5262	76.9217
5263	76.9337
5264	76.4106
5265	77.2684
5266	81.5827
5267	81.1913
5268	86.8741
5269	88.9362
5270	90.7019
5271	89.2183
5272	90.2792
5273	88.2718
5274	92.2971
5275	93.2005
5276	93.8641
5277	94.2845
5278	92.6752
5279	93.7347
5280	96.4539
5281	95.8648
5282	96.466
5283	100.728
5284	98.0148
5285	97.2938
5286	94.7658
5287	96.8474
5288	96.8073
5289	96.4115
5290	92.6345
5291	92.1119
5292	90.44
5293	88.7136
5294	88.7262
5295	88.6136
5296	94.1638
5297	94.3125
5298	96.8065
5299	95.6663
5300	100.215
5301	98.4073
5302	100.399
5303	100.03
5304	96.2673
5305	99.8988
5306	99.1782
5307	99.3675
5308	100.667
5309	98.1885
5310	97.9432
5311	98.5967
5312	97.4753
5313	98.8833
5314	96.4413
5315	97.3156
5316	97.9023
5317	99.4037
5318	98.3772
5319	95.059
5320	95.1994
5321	96.6065
5322	96.2976
5323	97.5603
5324	99.5231
5325	94.039
5326	91.9539
5327	89.4547
5328	89.4756
5329	87.3481
5330	83.7462
5331	82.6916
5332	81.9636
5333	84.025
5334	86.5288
5335	90.488
5336	89.6468
5337	88.207
5338	87.2763
5339	88.6239
5340	91.8216
5341	92.5864
5342	91.3761
5343	96.7842
5344	96.8891
5345	95.963
5346	97.4876
5347	99.6884
5348	100.563
5349	99.577
5350	96.3977
5351	97.9319
5352	99.5163
5353	97.765
5354	96.006
5355	94.9274
5356	95.6191
5357	96.4118
5358	95.4578
5359	94.0688
5360	92.2428
5361	91.313
5362	90.4889
5363	89.6717
5364	89.0208
5365	87.9329
5366	84.184
5367	80.7361
5368	81.1232
5369	82.4078
5370	80.4436
5371	81.1333
5372	78.4929
5373	79.3656
5374	82.7553
5375	80.4347
5376	81.9704
5377	82.102
5378	78.9524
5379	80.8262
5380	79.99
5381	81.439
5382	83.5936
5383	83.6241
5384	82.4701
5385	82.9777
5386	76.2279
5387	71.1697
5388	71.5483
5389	75.8755
5390	75.459
5391	80.6442
5392	81.8696
5393	84.4281
5394	88.1229
5395	85.0427
5396	89.7193
5397	85.9127
5398	85.8675
5399	87.5901
5400	87.1198
5401	79.9983
5402	75.9405
5403	76.5801
5404	78.4028
5405	77.6024
5406	75.8913
5407	78.4022
5408	75.1857
5409	79.552
5410	81.3029
5411	78.3542
5412	79.4523
5413	82.0999
5414	85.5288
5415	87.0354
5416	84.0604
5417	83.5436
5418	83.0054
5419	79.9788
5420	84.5247
5421	82.3575
5422	82.7224
5423	80.9885
5424	82.9879
5425	78.734
5426	78.6837
5427	78.6175
5428	78.6262
5429	84.724
5430	84.0375
5431	82.3917
5432	79.0746
5433	77.3068
5434	76.9822
5435	77.6145
5436	78.2204
5437	78.7672
5438	79.3291
5439	83.2177
5440	83.2533
5441	85.7776
5442	81.6678
5443	82.0626
5444	83.5071
5445	82.6707
5446	83.4429
5447	84.8861
5448	83.5857
5449	83.6713
5450	82.2931
5451	84.0608
5452	88.3293
5453	89.9982
5454	90.9591
5455	90.1394
5456	91.6031
5457	96.1265
5458	96.8439
5459	95.6257
5460	98.7896
5461	99.8022
5462	97.3536
5463	97.7024
5464	98.0698
5465	98.9615
5466	97.9021
5467	93.8625
5468	94.9846
5469	94.4313
5470	96.4197
5471	96.895
5472	93.9211
5473	86.6564
5474	88.3729
5475	90.7455
5476	93.7403
5477	93.9454
5478	92.2611
5479	92.2423
5480	96.546
5481	97.9997
5482	97.2229
5483	97.2333
5484	97.5372
5485	97.2928
5486	98.2212
5487	94.5886
5488	91.886
5489	92.4374
5490	88.3669
5491	90.1251
5492	90.1564
5493	91.0962
5494	92.3901
5495	90.7028
5496	94.772
5497	96.967
5498	97.0711
5499	96.9617
5500	97.167
5501	97.8325
5502	99.0082
5503	100.144
5504	99.6637
5505	99.3737
5506	97.2225
5507	97.7382
5508	97.2928
5509	95.5216
5510	95.7281
5511	95.8827
5512	92.4055
5513	91.2124
5514	92.4736
5515	91.4434
5516	93.0361
5517	91.219
5518	89.8028
5519	91.5877
5520	93.1502
5521	90.4565
5522	88.8229
5523	89.5645
5524	91.1267
5525	93.9037
5526	95.4328
5527	94.9294
5528	97.6466
5529	99.0468
5530	97.7766
5531	96.279
5532	97.7489
5533	92.3933
5534	91.2424
5535	90.6118
5536	92.2826
5537	93.8965
5538	89.7118
5539	88.0173
5540	86.2404
5541	85.0376
5542	84.2501
5543	87.0105
5544	85.8722
5545	83.915
5546	87.105
5547	91.2679
5548	90.4736
5549	90.0232
5550	90.2849
5551	85.0814
5552	90.5618
5553	87.5489
5554	83.3212
5555	84.7683
5556	90.036
5557	90.9036
5558	93.3288
5559	94.0887
5560	92.8448
5561	94.822
5562	96.9411
5563	93.126
5564	95.0632
5565	94.3686
5566	98.2177
5567	98.6457
5568	101.073
5569	102.473
5570	101.967
5571	100.173
5572	97.7963
5573	96.2772
5574	94.6351
5575	89.6199
5576	93.384
5577	93.8286
5578	93.9119
5579	93.9924
5580	95.0095
5581	97.6435
5582	94.7082
5583	97.2265
5584	95.7739
5585	92.9879
5586	94.4396
5587	92.4441
5588	94.1611
5589	90.7944
5590	89.7287
5591	90.3482
5592	90.4589
5593	90.4208
5594	90.5914
5595	90.6476
5596	95.754
5597	97.4896
5598	91.3761
5599	89.3514
5600	86.0331
5601	81.4325
5602	84.626
5603	85.5775
5604	87.8413
5605	88.4224
5606	92.3695
5607	88.1226
5608	88.9855
5609	91.6739
5610	95.6391
5611	93.2672
5612	91.8427
5613	90.5755
5614	92.0751
5615	89.4443
5616	89.6325
5617	96.2862
5618	94.3779
5619	95.2441
5620	94.7737
5621	89.9914
5622	86.517
5623	87.3634
5624	86.1113
5625	88.2131
5626	88.0175
5627	90.9399
5628	87.0614
5629	84.4451
5630	77.4656
5631	80.1501
5632	77.5385
5633	77.7241
5634	78.2431
5635	79.3082
5636	81.879
5637	83.8056
5638	79.7053
5639	80.4434
5640	80.5703
5641	79.8956
5642	79.9804
5643	79.3351
5644	78.9922
5645	81.4464
5646	81.3131
5647	79.8686
5648	83.2692
5649	87.6335
5650	85.1896
5651	84.2616
5652	85.9332
5653	85.9813
5654	88.4966
5655	90.7462
5656	93.2281
5657	92.9876
5658	95.0417
5659	96.6953
5660	99.1431
5661	97.0636
5662	101.13
5663	100.308
5664	96.2318
5665	93.8253
5666	97.6235
5667	96.5073
5668	95.5216
5669	93.476
5670	93.3867
5671	93.9715
5672	91.9917
5673	93.5485
5674	98.9999
5675	96.6544
5676	97.8422
5677	97.9196
5678	99.1624
5679	100.919
5680	101.068
5681	97.2184
5682	94.9104
5683	95.0814
5684	90.0293
5685	92.4297
5686	91.9064
5687	95.5728
5688	92.8553
5689	95.6112
5690	94.937
5691	97.2076
5692	96.3525
5693	95.7647
5694	95.1539
5695	96.7587
5696	96.1701
5697	101.109
5698	100.706
5699	99.7893
5700	99.2572
5701	97.7741
5702	93.9502
5703	97.4634
5704	95.7877
5705	94.7998
5706	98.5373
5707	97.4586
5708	97.1951
5709	97.9853
5710	96.7305
5711	98.7263
5712	101.051
5713	98.2095
5714	91.6622
5715	91.4346
5716	92.5169
5717	94.6811
5718	90.8937
5719	95.7153
5720	96.2102
5721	94.9514
5722	96.1572
5723	95.1898
5724	98.2496
5725	100.466
5726	97.2218
5727	99.4409
5728	100.755
5729	98.9994
5730	100.795
5731	101.161
5732	100.906
5733	97.228
5734	98.5202
5735	96.4556
5736	97.4433
5737	97.4276
5738	95.3195
5739	90.5485
5740	88.8529
5741	92.6591
5742	94.0028
5743	94.7552
5744	93.3671
5745	92.9879
5746	96.4563
5747	98.7899
5748	98.7706
5749	97.3156
5750	96.7027
5751	92.2389
5752	89.6631
5753	87.0597
5754	95.0617
5755	94.1074
5756	93.2748
5757	92.6099
5758	94.7654
5759	92.768
5760	89.8785
5761	85.4784
5762	84.1125
5763	84.8223
5764	83.3472
5765	84.6544
5766	88.6349
5767	90.5486
5768	92.9917
5769	89.4138
5770	89.9206
5771	88.692
5772	89.6094
5773	85.6436
5774	79.8769
5775	77.8439
5776	80.993
5777	78.9977
5778	79.1879
5779	77.2614
5780	77.7182
5781	80.2927
5782	84.9489
5783	82.7353
5784	83.1013
5785	85.7842
5786	85.6117
5787	84.9688
5788	85.5676
5789	86.1309
5790	90.0006
5791	92.0864
5792	88.9548
5793	94.4146
5794	100.476
5795	98.2374
5796	99.1417
5797	95.9601
5798	96.4994
5799	98.8752
5800	98.1909
5801	96.7036
5802	98.9121
5803	94.3001
5804	94.6456
5805	94.3008
5806	100.462
5807	97.3749
5808	94.7163
5809	99.092
5810	100.658
5811	104.513
5812	101.255
5813	101.675
5814	99.5571
5815	100.962
5816	96.5707
5817	98.177
5818	97.1064
5819	96.4916
5820	92.6369
5821	92.5285
5822	95.4459
5823	95.7302
5824	96.0013
5825	96.2608
5826	98.4022
5827	100.041
5828	97.316
5829	98.5079
5830	100.724
5831	94.2764
5832	96.1974
5833	90.8625
5834	89.7045
5835	89.2143
5836	90.4625
5837	88.9323
5838	92.3124
5839	94.7951
5840	96.266
5841	99.8274
5842	98.4724
5843	95.8393
5844	92.9284
5845	90.6418
5846	88.2007
5847	91.8063
5848	91.9612
5849	96.0719
5850	92.7884
5851	95.582
5852	96.4823
5853	96.1379
5854	95.0926
5855	97.088
5856	95.3295
5857	98.8245
5858	101.05
5859	99.5013
5860	98.9051
5861	98.3805
5862	97.7615
5863	98.7277
5864	97.7424
5865	95.1239
5866	97.5551
5867	96.6464
5868	94.9849
5869	94.689
5870	96.0595
5871	95.5396
5872	97.0812
5873	98.4147
5874	98.4977
5875	96.0534
5876	95.7856
5877	93.1878
5878	92.0548
5879	88.7902
5880	88.9556
5881	90.5632
5882	89.7505
5883	90.1284
5884	85.9348
5885	86.3757
5886	84.1259
5887	82.688
5888	81.952
5889	80.6991
5890	83.732
5891	84.9924
5892	86.1413
5893	83.5962
5894	85.8722
5895	84.2494
5896	84.8183
5897	80.2807
5898	78.9461
5899	77.172
5900	73.1028
5901	74.7503
5902	73.0394
5903	78.6427
5904	77.1326
5905	74.7682
5906	73.5548
5907	80.0223
5908	81.232
5909	82.9915
5910	88.7061
5911	83.7557
5912	84.0887
5913	88.4357
5914	90.4196
5915	92.0912
5916	94.107
5917	95.165
5918	92.7679
5919	92.3356
5920	91.1703
5921	90.6594
5922	93.5318
5923	96.3626
5924	94.5735
5925	88.3496
5926	84.7094
5927	85.99
5928	85.2187
5929	87.2166
5930	81.6701
5931	79.3838
5932	77.873
5933	77.097
5934	79.1035
5935	75.1554
5936	70.0851
5937	69.0047
5938	67.8191
5939	64.3395
5940	63.8744
5941	67.5828
5942	64.3712
5943	67.6719
5944	72.6166
5945	79.6727
5946	72.8193
5947	72.177
5948	70.6881
5949	76.7566
5950	74.0149
5951	73.4444
5952	72.6389
5953	74.5888
5954	76.2181
5955	80.3087
5956	83.1281
5957	81.1842
5958	82.9468
5959	87.0315
5960	88.8428
5961	87.1932
5962	84.8166
5963	84.7881
5964	85.9707
5965	83.629
5966	81.9474
5967	80.1178
5968	83.8676
5969	85.3041
5970	83.7603
5971	82.2181
5972	80.9367
5973	80.6029
5974	78.7711
5975	81.9089
5976	81.3431
5977	87.2147
5978	90.5701
5979	92.5106
5980	93.1768
5981	91.7456
5982	93.5386
5983	94.1148
5984	92.0076
5985	92.6594
5986	91.0476
5987	95.9622
5988	93.0198
5989	92.0912
5990	93.7718
5991	92.369
5992	95.8892
5993	97.5379
5994	96.1131
5995	96.27
5996	95.8502
5997	93.2743
5998	95.9387
5999	93.3489
6000	94.0333
6001	95.015
6002	92.4653
6003	93.2682
6004	90.2367
6005	90.0658
6006	93.1813
6007	94.3579
6008	93.4924
6009	95.2
6010	92.8063
6011	95.6127
6012	97.3559
6013	100.554
6014	102.645
6015	100.424
6016	99.7507
6017	100.197
6018	98.9205
6019	101.087
6020	95.8279
6021	96.4904
6022	95.5214
6023	95.6933
6024	95.4113
6025	94.2832
6026	91.1611
6027	92.9987
6028	94.0269
6029	90.6698
6030	94.626
6031	94.3857
6032	97.7082
6033	94.6268
6034	93.8849
6035	91.651
6036	88.0117
6037	87.051
6038	89.9051
6039	90.6294
6040	94.5203
6041	96.6496
6042	93.4234
6043	94.6595
6044	89.9747
6045	90.529
6046	90.3141
6047	89.6564
6048	88.3654
6049	82.0633
6050	85.9902
6051	85.227
6052	88.0609
6053	87.532
6054	85.7573
6055	86.0829
6056	88.4291
6057	85.1984
6058	87.3929
6059	90.1986
6060	94.545
6061	90.5092
6062	87.5779
6063	88.1969
6064	85.679
6065	87.5996
6066	91.5391
6067	92.92
6068	92.1206
6069	91.7807
6070	92.2938
6071	94.7281
6072	97.5082
6073	95.3335
6074	91.5866
6075	95.6277
6076	90.8425
6077	92.8835
6078	89.5909
6079	95.0552
6080	91.8367
6081	93.0505
6082	92.3313
6083	92.2082
6084	97.1988
6085	93.1953
6086	93.8229
6087	94.6928
6088	96.074
6089	98.5662
6090	96.0848
6091	93.1427
6092	95.2448
6093	96.8051
6094	93.649
6095	92.216
6096	96.4088
6097	93.2296
6098	91.0312
6099	93.098
6100	95.1667
6101	97.4702
6102	98.8395
6103	97.5166
6104	99.0049
6105	98.948
6106	98.8397
6107	94.8272
6108	91.7938
6109	89.1716
6110	85.2915
6111	86.6149
6112	90.1586
6113	90.5141
6114	87.5209
6115	87.2544
6116	85.1916
6117	84.1084
6118	87.1548
6119	86.8626
6120	87.532
6121	87.7677
6122	90.0331
6123	89.5035
6124	85.9385
6125	91.4993
6126	88.0018
6127	87.8826
6128	92.3326
6129	94.4284
6130	96.0691
6131	94.5761
6132	96.0018
6133	96.4896
6134	96.5095
6135	97.0157
6136	95.8853
6137	94.6035
6138	94.5919
6139	96.0447
6140	97.2327
6141	101.092
6142	99.7033
6143	101.164
6144	100.819
6145	100.338
6146	96.4997
6147	96.5245
6148	92.2877
6149	92.1823
6150	91.1499
6151	92.7717
6152	90.5769
6153	91.7359
6154	89.7371
6155	87.2894
6156	88.1798
6157	86.3435
6158	84.6024
6159	85.9331
6160	85.6396
6161	81.9475
6162	80.7484
6163	78.5602
6164	77.9054
6165	74.9783
6166	77.0745
6167	79.2666
6168	72.891
6169	75.2801
6170	75.1746
6171	74.4359
6172	75.1294
6173	75.5371
6174	75.8747
6175	76.2876
6176	78.0141
6177	80.3889
6178	80.7927
6179	82.6223
6180	84.0944
6181	84.6886
6182	85.2847
6183	80.7032
6184	85.2249
6185	87.3138
6186	86.269
6187	86.2398
6188	89.2497
6189	93.9135
6190	94.2741
6191	93.8627
6192	94.8303
6193	92.3077
6194	91.4991
6195	92.2651
6196	94.1725
6197	93.1119
6198	91.3368
6199	90.5964
6200	95.2617
6201	97.3623
6202	94.3405
6203	93.1964
6204	88.6749
6205	83.3974
6206	84.886
6207	84.4895
6208	80.7348
6209	83.6581
6210	80.4184
6211	82.7415
6212	85.1288
6213	92.1392
6214	92.4941
6215	95.0631
6216	93.9556
6217	93.4737
6218	90.5999
6219	93.8311
6220	94.2776
6221	95.1016
6222	92.64
6223	94.2133
6224	98.4232
6225	97.16
6226	96.0786
6227	97.4412
6228	94.7867
6229	98.2873
6230	99.6536
6231	101.019
6232	98.1307
6233	97.2817
6234	98.2492
6235	98.8798
6236	101.725
6237	100.964
6238	100.234
6239	100.598
6240	101.741
6241	101.008
6242	103.243
6243	98.6718
6244	97.1229
6245	98.2883
6246	98.6954
6247	97.7211
6248	98.4313
6249	98.9004
6250	96.0886
6251	96.0421
6252	94.949
6253	94.7089
6254	91.2798
6255	93.3238
6256	93.6873
6257	90.9263
6258	91.0507
6259	91.1742
6260	93.4583
6261	94.6545
6262	93.0534
6263	90.3131
6264	89.9873
6265	87.1287
6266	84.4665
6267	84.8223
6268	81.9285
6269	82.638
6270	82.7301
6271	85.9889
6272	85.738
6273	88.5862
6274	87.9944
6275	87.7258
6276	91.632
6277	88.7572
6278	91.3554
6279	95.396
6280	88.8726
6281	86.3747
6282	91.2232
6283	89.127
6284	91.309
6285	96.692
6286	97.1261
6287	102.061
6288	98.8475
6289	96.3828
6290	94.9777
6291	92.7299
6292	92.3343
6293	93.2074
6294	94.4663
6295	94.1729
6296	95.2054
6297	95.2884
6298	97.5644
6299	97.2959
6300	98.2413
6301	96.2158
6302	95.3985
6303	96.6778
6304	94.2137
6305	97.0194
6306	94.4718
6307	95.6259
6308	94.8462
6309	90.1955
6310	94.3432
6311	92.1262
6312	93.5131
6313	94.775
6314	96.052
6315	93.1279
6316	92.8745
6317	91.1649
6318	91.0623
6319	89.1578
6320	86.8148
6321	85.32
6322	88.221
6323	89.3185
6324	90.16
6325	89.0405
6326	84.8208
6327	83.1359
6328	82.4001
6329	84.2282
6330	86.5917
6331	85.7324
6332	88.8462
6333	89.0848
6334	95.5167
6335	97.5748
6336	101.141
6337	98.4575
6338	95.0351
6339	93.9185
6340	96.673
6341	94.5789
6342	95.0067
6343	97.6105
6344	99.2418
6345	98.2578
6346	96.4633
6347	95.3674
6348	91.6164
6349	91.2428
6350	90.0234
6351	92.0641
6352	88.7197
6353	87.1825
6354	88.7552
6355	87.1426
6356	86.3012
6357	89.0916
6358	95.6099
6359	95.3991
6360	95.3083
6361	94.1333
6362	96.9203
6363	93.7209
6364	89.7293
6365	86.4403
6366	88.0242
6367	85.2203
6368	83.3346
6369	87.1119
6370	91.5187
6371	91.2603
6372	87.5164
6373	84.5644
6374	85.9413
6375	84.967
6376	82.4102
6377	84.0523
6378	83.5965
6379	87.64
6380	87.4873
6381	88.5042
6382	87.6078
6383	86.5339
6384	89.6948
6385	91.4696
6386	86.3321
6387	88.305
6388	87.915
6389	84.5459
6390	84.064
6391	82.6728
6392	85.7189
6393	85.3032
6394	86.4802
6395	89.6643
6396	93.5795
6397	93.0633
6398	91.7075
6399	93.2246
6400	92.1169
6401	92.0992
6402	92.3581
6403	95.6339
6404	98.7875
6405	96.1255
6406	96.1733
6407	97.604
6408	95.5228
6409	94.3196
6410	90.2575
6411	83.028
6412	85.2836
6413	87.7603
6414	82.1782
6415	81.3258
6416	84.5952
6417	88.0824
6418	84.4193
6419	86.1293
6420	86.8811
6421	86.7059
6422	86.7687
6423	86.8536
6424	84.6305
6425	84.6061
6426	82.4549
6427	85.5697
6428	83.2055
6429	86.1122
6430	87.7242
6431	86.1035
6432	84.235
6433	82.8248
6434	87.1528
6435	91.9569
6436	90.2176
6437	89.0669
6438	89.1394
6439	91.5471
6440	92.9925
6441	95.3229
6442	94.8017
6443	93.9007
6444	90.6191
6445	92.2176
6446	92.5956
6447	88.9082
6448	83.5287
6449	82.0825
6450	80.2325
6451	81.1823
6452	83.6967
6453	83.5054
6454	87.1716
6455	87.9702
6456	84.8111
6457	85.8995
6458	84.1984
6459	81.6363
6460	86.9893
6461	89.3755
6462	90.5232
6463	91.4273
6464	88.0486
6465	87.2899
6466	81.0037
6467	85.6774
6468	88.3275
6469	86.6005
6470	83.9425
6471	88.6204
6472	89.1335
6473	89.7285
6474	86.8825
6475	88.9247
6476	90.87
6477	90.5236
6478	84.302
6479	86.5692
6480	86.1629
6481	81.7455
6482	81.4406
6483	80.0791
6484	79.5714
6485	81.6402
6486	77.7654
6487	78.8867
6488	75.538
6489	81.2899
6490	75.7753
6491	78.5628
6492	74.5679
6493	73.6797
6494	76.4227
6495	75.9241
6496	78.5755
6497	78.5961
6498	83.7614
6499	84.248
6500	85.8337
6501	86.9208
6502	86.1806
6503	88.4841
6504	87.7404
6505	86.2652
6506	87.5281
6507	90.3237
6508	92.4154
6509	90.6716
6510	94.3424
6511	101.285
6512	98.5778
6513	99.6424
6514	98.4483
6515	95.3055
6516	91.0961
6517	90.7456
6518	92.3852
6519	95.2042
6520	98.8258
6521	98.5142
6522	99.8826
6523	98.1394
6524	99.1338
6525	99.7678
6526	99.1283
6527	99.5389
6528	97.2408
6529	96.7993
6530	95.8541
6531	98.0427
6532	95.924
6533	95.2371
6534	95.6362
6535	97.3486
6536	96.9187
6537	95.1614
6538	98.1391
6539	97.6215
6540	96.0242
6541	98.1694
6542	94.6445
6543	94.6823
6544	97.2913
6545	95.6079
6546	94.3798
6547	89.6488
6548	90.2057
6549	90.4718
6550	90.3519
6551	92.7799
6552	92.2491
6553	94.8896
6554	92.9527
6555	92.5992
6556	90.9839
6557	94.5251
6558	93.2057
6559	93.5489
6560	92.7943
6561	95.4993
6562	94.4201
6563	93.434
6564	93.292
6565	91.834
6566	91.6001
6567	88.867
6568	88.4856
6569	86.8155
6570	89.2955
6571	94.9507
6572	95.847
6573	93.8009
6574	95.5829
6575	95.4977
6576	97.1911
6577	97.15
6578	97.7685
6579	95.7065
6580	93.1559
6581	94.6454
6582	92.1504
6583	92.8437
6584	89.4906
6585	90.478
6586	92.0063
6587	92.9637
6588	95.3398
6589	93.6481
6590	96.0516
6591	93.7014
6592	95.7457
6593	98.02
6594	93.9538
6595	96.5431
6596	96.0399
6597	91.9698
6598	94.7567
6599	93.0375
6600	93.3595
6601	95.3315
6602	95.4756
6603	92.2685
6604	89.7602
6605	95.4984
6606	96.1514
6607	90.7413
6608	88.8503
6609	92.94
6610	93.264
6611	92.2884
6612	91.716
6613	91.9073
6614	94.7648
6615	98.0915
6616	99.3742
6617	97.6162
6618	98.625
6619	98.0937
6620	96.3355
6621	94.6796
6622	93.8113
6623	90.9666
6624	92.1887
6625	91.3819
6626	94.8767
6627	93.0625
6628	95.703
6629	95.939
6630	94.2363
6631	92.3437
6632	92.303
6633	94.3792
6634	93.8003
6635	91.2985
6636	93.0375
6637	91.711
6638	92.7548
6639	91.9278
6640	89.4426
6641	89.1775
6642	89.1879
6643	87.6528
6644	88.9611
6645	88.4778
6646	89.3257
6647	91.4453
6648	91.5279
6649	88.1486
6650	88.0888
6651	85.8483
6652	84.4095
6653	80.4575
6654	76.5988
6655	76.9379
6656	77.1761
6657	76.2935
6658	77.4223
6659	75.5366
6660	81.7932
6661	84.7117
6662	87.6339
6663	87.9589
6664	87.5501
6665	91.237
6666	96.3422
6667	100.385
6668	96.3303
6669	94.9668
6670	93.7217
6671	93.6306
6672	92.2622
6673	90.6496
6674	82.2141
6675	83.4112
6676	85.7186
6677	87.4386
6678	88.068
6679	82.8187
6680	85.904
6681	87.2658
6682	86.3569
6683	85.1699
6684	83.0847
6685	84.3142
6686	85.0544
6687	85.1604
6688	83.0858
6689	89.1644
6690	88.0333
6691	86.0378
6692	87.3595
6693	88.5539
6694	87.9491
6695	88.0414
6696	86.8922
6697	85.8666
6698	84.6572
6699	87.2922
6700	86.903
6701	88.7372
6702	87.0195
6703	87.1907
6704	84.2921
6705	84.1665
6706	82.7776
6707	82.1082
6708	85.9602
6709	85.6662
6710	86.4634
6711	90.25
6712	93.1893
6713	95.2902
6714	95.8174
6715	94.9292
6716	96.3558
6717	97.3871
6718	92.1669
6719	93.4446
6720	92.1472
6721	92.4919
6722	92.9546
6723	88.1484
6724	88.3529
6725	87.2956
6726	87.601
6727	88.007
6728	92.0762
6729	89.9502
6730	90.8317
6731	93.3069
6732	98.027
6733	96.0727
6734	97.3089
6735	100.198
6736	98.8042
6737	97.8165
6738	96.6083
6739	93.5925
6740	92.0266
6741	92.5858
6742	90.3057
6743	86.0566
6744	84.9468
6745	86.0337
6746	87.8072
6747	84.8582
6748	85.2209
6749	84.4508
6750	84.5441
6751	87.0156
6752	85.612
6753	84.3482
6754	85.93
6755	83.9762
6756	82.4323
6757	73.961
6758	73.4357
6759	78.2362
6760	74.8902
6761	75.3497
6762	72.677
6763	74.9097
6764	73.7809
6765	73.5765
6766	74.0761
6767	70.8478
6768	67.4856
6769	64.2482
6770	63.93
6771	67.3473
6772	69.8082
6773	70.8191
6774	71.8026
6775	73.8241
6776	74.5505
6777	77.4834
6778	69.7937
6779	71.7824
6780	69.7387
6781	70.0067
6782	71.4685
6783	70.6943
6784	70.0992
6785	67.525
6786	67.5975
6787	70.6656
6788	73.9928
6789	79.1113
6790	77.4823
6791	72.9976
6792	72.0339
6793	69.9582
6794	70.3539
6795	68.838
6796	69.7887
6797	76.3749
6798	77.1307
6799	76.2498
6800	76.9829
6801	80.9171
6802	83.309
6803	80.5352
6804	79.7907
6805	80.0111
6806	82.1688
6807	82.1142
6808	85.6705
6809	85.5117
6810	83.7745
6811	82.9569
6812	84.2074
6813	84.358
6814	87.498
6815	91.2085
6816	89.2237
6817	89.7066
6818	95.3817
6819	93.5647
6820	93.3599
6821	95.8997
6822	95.178
6823	97.0612
6824	96.0321
6825	96.6847
6826	95.7336
6827	97.6196
6828	96.6911
6829	94.9079
6830	98.2899
6831	99.4409
6832	98.2435
6833	100.558
6834	96.1265
6835	94.2789
6836	93.249
6837	93.0744
6838	93.0069
6839	96.2739
6840	93.3312
6841	87.5733
6842	82.2912
6843	83.0085
6844	80.358
6845	81.7838
6846	82.5657
6847	86.1642
6848	81.6329
6849	81.3702
6850	81.957
6851	82.1103
6852	79.4932
6853	77.8121
6854	83.3063
6855	84.3989
6856	82.7429
6857	81.9772
6858	81.7951
6859	76.2921
6860	77.1534
6861	77.6866
6862	73.5876
6863	71.6632
6864	66.8723
6865	64.5957
6866	63.1805
6867	60.286
6868	62.032
6869	63.4632
6870	61.5872
6871	61.0962
6872	61.341
6873	58.8548
6874	58.3203
6875	58.7326
6876	57.6518
6877	59.673
6878	59.6828
6879	61.5595
6880	55.9418
6881	53.3888
6882	52.7741
6883	50.9786
6884	51.0925
6885	54.1381
6886	50.4074
6887	49.4284
6888	47.6762
6889	47.0799
6890	44.2931
6891	44.6041
6892	41.6611
6893	41.9782
6894	38.0513
6895	40.003
6896	40.69
6897	43.6991
6898	42.6134
6899	40.153
6900	36.6338
6901	37.3037
6902	36.1298
6903	33.552
6904	33.3113
6905	35.6773
6906	35.7763
6907	35.8223
6908	34.2299
6909	36.3692
6910	37.9707
6911	37.5198
6912	39.6424
6913	41.2558
6914	40.7661
6915	40.4622
6916	40.1841
6917	36.7252
6918	38.1726
6919	39.2987
6920	38.5209
6921	35.4345
6922	30.4345
6923	32.7241
6924	35.255
6925	37.0914
6926	38.4757
6927	35.3853
6928	33.0016
6929	37.1219
6930	40.9574
6931	38.0881
6932	38.5569
6933	46.0094
6934	42.7526
6935	43.5977
6936	45.729
6937	42.5872
6938	45.0534
6939	42.9304
6940	41.253
6941	42.5337
6942	43.3631
6943	42.4431
6944	44.1951
6945	43.1737
6946	45.3405
6947	46.2567
6948	43.7942
6949	45.0428
6950	45.2237
6951	46.9979
6952	48.1895
6953	46.9139
6954	44.2684
6955	44.6515
6956	44.8789
6957	48.2507
6958	48.2947
6959	44.6096
6960	45.7174
6961	51.7529
6962	45.5467
6963	47.9549
6964	44.1921
6965	45.5072
6966	44.7416
6967	45.0451
6968	43.6433
6969	40.2015
6970	37.4921
6971	40.4915
6972	45.6945
6973	40.9101
6974	40.4932
6975	43.4965
6976	45.6599
6977	45.7004
6978	45.009
6979	50.1217
6980	52.6814
6981	55.3742
6982	50.6097
6983	53.8124
6984	53.9727
6985	54.2212
6986	51.4261
6987	53.5982
6988	53.8133
6989	54.0236
6990	53.4321
6991	59.7239
6992	64.5194
6993	59.1434
6994	59.2973
6995	55.9429
6996	50.3118
6997	49.9294
6998	46.5358
6999	47.7919
7000	44.1029
7001	48.287
7002	43.8004
7003	45.1495
7004	44.5282
7005	45.7523
7006	43.4961
7007	44.8939
7008	44.286
7009	39.8024
7010	43.6686
7011	41.7773
7012	46.009
7013	46.8189
7014	45.7592
7015	44.1355
7016	46.4891
7017	50.2181
7018	47.6469
7019	48.8117
7020	46.4896
7021	45.52
7022	42.3378
7023	41.646
7024	43.5132
7025	43.364
7026	39.9033
7027	39.9554
7028	38.1751
7029	41.7599
7030	42.0301
7031	46.9497
7032	50.4977
7033	56.6217
7034	58.307
7035	62.1488
7036	60.0824
7037	57.8427
7038	56.7892
7039	58.5198
7040	65.0083
7041	64.2924
7042	66.9338
7043	65.6186
7044	65.3263
7045	68.5746
7046	66.0411
7047	62.8868
7048	55.5645
7049	53.826
7050	56.6877
7051	58.952
7052	58.5161
7053	58.9706
7054	59.8625
7055	58.2678
7056	59.8612
7057	61.2679
7058	62.2293
7059	61.5306
7060	62.629
7061	64.5521
7062	65.6927
7063	66.3757
7064	63.2561
7065	62.3139
7066	64.214
7067	66.3818
7068	65.16
7069	62.4341
7070	63.1534
7071	65.0744
7072	65.0314
7073	67.3183
7074	69.5735
7075	70.6859
7076	74.4845
7077	74.73
7078	75.4884
7079	74.6901
7080	75.0576
7081	71.8444
7082	71.9172
7083	77.1766
7084	78.2818
7085	76.0232
7086	76.4062
7087	74.5998
7088	76.8057
7089	77.7247
7090	75.6675
7091	74.3515
7092	75.8171
7093	74.1705
7094	75.6593
7095	74.7866
7096	79.522
7097	82.1619
7098	78.653
7099	79.8558
7100	82.1412
7101	80.0331
7102	80.513
7103	82.9201
7104	85.1808
7105	89.3355
7106	93.7353
7107	90.6669
7108	89.3434
7109	89.7332
7110	90.5875
7111	90.9617
7112	90.0595
7113	88.9778
7114	92.3334
7115	94.4151
7116	98.2639
7117	94.9906
7118	96.5658
7119	94.0539
7120	89.9818
7121	90.6367
7122	92.6439
7123	93.7842
7124	96.7432
7125	98.4096
7126	96.5524
7127	95.1722
7128	96.3264
7129	95.8632
7130	92.0301
7131	95.1903
7132	97.8824
7133	99.7196
7134	100.007
7135	101.076
7136	97.8974
7137	96.1415
7138	94.7971
7139	103.059
7140	102.995
7141	101.266
7142	100.008
7143	94.6287
7144	94.2805
7145	94.513
7146	92.5409
7147	90.4662
7148	90.2776
7149	89.8386
7150	86.5131
7151	87.3072
7152	88.3731
7153	89.3197
7154	89.988
7155	89.4306
7156	89.5788
7157	90.8056
7158	93.9916
7159	95.7033
7160	95.3858
7161	95.3771
7162	95.4908
7163	95.1144
7164	98.1473
7165	95.9809
7166	95.5072
7167	98.0763
7168	94.2179
7169	97.1531
7170	97.3163
7171	97.8681
7172	97.7432
7173	100.394
7174	100.509
7175	100.793
7176	102.46
7177	101.712
7178	99.6099
7179	96.9056
7180	97.2522
7181	97.3886
7182	96.1988
7183	93.6752
7184	98.0526
7185	98.4262
7186	99.2804
7187	99.5855
7188	97.3328
7189	97.5218
7190	95.9543
7191	96.0705
7192	99.2178
7193	102.504
7194	102.555
7195	103.162
7196	99.1493
7197	98.9635
7198	99.9865
7199	97.0902
7200	94.5422
7201	95.3314
7202	93.8699
7203	95.9545
7204	94.5052
7205	98.3655
7206	92.2507
7207	92.6534
7208	88.9813
7209	92.2581
7210	93.0917
7211	92.221
7212	92.0216
7213	92.9673
7214	90.6365
7215	90.5026
7216	94.3019
7217	92.0543
7218	91.3356
7219	92.6798
7220	98.2264
7221	97.8874
7222	96.5608
7223	97.6543
7224	95.6222
7225	94.7498
7226	97.0155
7227	94.9156
7228	93.2154
7229	91.4863
7230	89.775
7231	92.6709
7232	92.9793
7233	93.9537
7234	91.8336
7235	92.2214
7236	91.4627
7237	94.1254
7238	94.0077
7239	95.1382
7240	93.4222
7241	95.9308
7242	97.2967
7243	97.684
7244	93.9362
7245	95.3075
7246	96.1198
7247	98.0042
7248	97.6595
7249	98.5194
7250	100.498
7251	97.164
7252	96.3775
7253	93.8967
7254	92.5865
7255	92.6639
7256	92.617
7257	93.0666
7258	95.593
7259	95.6013
7260	94.9154
7261	96.5582
7262	99.2173
7263	96.2633
7264	92.0627
7265	92.2549
7266	93.184
7267	95.2785
7268	95.3922
7269	96.0146
7270	91.0357
7271	90.0566
7272	87.586
7273	83.5761
7274	83.9799
7275	85.9169
7276	88.5256
7277	86.7133
7278	86.4565
7279	87.0091
7280	84.194
7281	84.408
7282	88.7981
7283	88.0624
7284	95.2312
7285	101.195
7286	98.6424
7287	99.3884
7288	96.3343
7289	94.882
7290	94.5956
7291	98.4694
7292	98.4287
7293	99.9835
7294	96.7575
7295	97.2371
7296	94.6216
7297	93.3293
7298	93.9113
7299	92.8037
7300	94.0421
7301	95.7101
7302	94.0033
7303	96.7541
7304	94.3482
7305	93.1148
7306	94.3041
7307	96.311
7308	95.7211
7309	98.4417
7310	99.1133
7311	100.528
7312	102.737
7313	99.9934
7314	98.7747
7315	101.157
7316	98.2842
7317	98.1057
7318	99.6477
7319	99.6033
7320	100.217
7321	103.53
7322	100.956
7323	100.081
7324	96.3261
7325	98.9893
7326	99.5106
7327	98.1199
7328	100.68
7329	97.2639
7330	96.9668
7331	98.8251
7332	99.1926
7333	99.1697
7334	97.7564
7335	97.183
7336	98.7919
7337	97.4521
7338	97.4423
7339	98.9575
7340	100.493
7341	95.5645
7342	94.7421
7343	97.8087
7344	96.5145
7345	96.9743
7346	97.7322
7347	99.3296
7348	97.2295
7349	92.2905
7350	91.8357
7351	86.214
7352	82.3729
7353	81.8309
7354	84.1834
7355	85.8083
7356	85.932
7357	87.6567
7358	81.0716
7359	80.5684
7360	77.8526
7361	77.4699
7362	77.985
7363	83.0794
7364	79.6831
7365	80.0384
7366	80.6202
7367	85.276
7368	88.584
7369	88.7743
7370	90.0169
7371	89.9981
7372	90.4193
7373	89.6092
7374	88.0355
7375	92.081
7376	94.5765
7377	93.292
7378	96.2059
7379	101.54
7380	98.794
7381	98.0802
7382	95.3679
7383	96.0472
7384	98.7884
7385	100.513
7386	102.215
7387	103.245
7388	99.6449
7389	100.779
7390	102.396
7391	98.0958
7392	96.7739
7393	95.3434
7394	98.4414
7395	97.0774
7396	92.5898
7397	91.3361
7398	92.0089
7399	92.0921
7400	93.7819
7401	90.0128
7402	94.5552
7403	95.3429
7404	96.918
7405	100.078
7406	100.107
7407	101.085
7408	97.7825
7409	94.7389
7410	96.778
7411	98.7815
7412	94.7223
7413	97.1878
7414	92.5627
7415	91.7987
7416	94.7291
7417	95.816
7418	95.0202
7419	96.7844
7420	98.0959
7421	95.2432
7422	95.9238
7423	94.478
7424	93.2078
7425	92.4371
7426	91.4117
7427	90.0257
7428	92.9481
7429	89.9834
7430	93.2741
7431	92.7756
7432	90.8453
7433	90.4224
7434	90.9326
7435	87.8979
7436	89.1236
7437	89.6403
7438	91.7226
7439	87.7935
7440	90.7078
7441	90.59
7442	88.8565
7443	89.1117
7444	93.6139
7445	94.0672
7446	91.366
7447	85.947
7448	85.932
7449	82.6819
7450	84.5516
7451	85.0258
7452	85.0126
7453	86.1797
7454	80.1373
7455	76.6425
7456	75.6195
7457	77.127
7458	80.2229
7459	79.3382
7460	80.6125
7461	80.4589
7462	85.3447
7463	86.2686
7464	87.1298
7465	85.265
7466	83.3605
7467	78.3563
7468	79.8947
7469	80.7924
7470	78.6366
7471	78.9749
7472	83.1281
7473	79.875
7474	75.1679
7475	72.0256
7476	71.5614
7477	75.5903
7478	69.1215
7479	69.2924
7480	61.6277
7481	61.9025
7482	59.8855
7483	57.9162
7484	56.926
7485	56.771
7486	56.3719
7487	51.3505
7488	50.5427
7489	48.6026
7490	45.6404
7491	41.7191
7492	44.3426
7493	43.1806
7494	43.9224
7495	41.9857
7496	41.4098
7497	40.8975
7498	42.9712
7499	44.6009
7500	45.6665
7501	45.7405
7502	44.351
7503	43.9577
7504	44.4221
7505	46.3501
7506	41.3731
7507	41.7347
7508	37.9581
7509	35.7775
7510	33.3505
7511	33.9981
7512	36.1495
7513	37.8144
7514	38.2437
7515	36.8835
7516	37.4898
7517	39.7292
7518	39.6517
7519	38.7523
7520	37.2346
7521	34.4779
7522	34.0712
7523	37.0814
7524	35.1379
7525	41.1194
7526	43.089
7527	43.8587
7528	41.9097
7529	40.5045
7530	35.3142
7531	34.6666
7532	33.3094
7533	28.8649
7534	26.317
7535	26.1136
7536	25.9317
7537	24.9675
7538	26.8199
7539	27.3229
7540	29.4863
7541	27.6188
7542	30.5382
7543	26.646
7544	28.9492
7545	29.8276
7546	30.4812
7547	30.98
7548	31.3733
7549	29.9468
7550	27.9618
7551	26.4493
7552	24.3756
7553	26.3392
7554	25.1863
7555	26.0893
7556	24.1223
7557	26.1574
7558	26.8389
7559	27.3583
7560	27.7363
7561	27.1613
7562	27.6145
7563	27.0536
7564	24.8449
7565	24.9275
7566	26.7614
7567	25.5948
7568	26.3881
7569	25.263
7570	27.0112
7571	23.915
7572	25.104
7573	24.237
7574	26.3099
7575	28.7398
7576	28.7911
7577	25.4
7578	25.3797
7579	25.3537
7580	23.5411
7581	22.1326
7582	21.0521
7583	18.3716
7584	16.2852
7585	13.7183
7586	13.6101
7587	11.6287
7588	11.9946
7589	10.3825
7590	9.10768
7591	10.0683
7592	12.6989
7593	13.7854
7594	16.4617
7595	15.7404
7596	16.1265
7597	13.5955
7598	11.6181
7599	10.0733
7600	9.82882
7601	9.63926
7602	9.49123
7603	7.44113
7604	6.81026
7605	7.29373
7606	10.5363
7607	12.093
7608	10.4448
7609	11.0737
7610	11.5624
7611	9.0649
7612	8.07894
7613	6.33389
7614	5.94525
7615	7.58443
7616	8.85484
7617	8.88658
7618	8.90587
7619	12.7216
7620	11.8914
7621	11.245
7622	9.78221
7623	10.5598
7624	9.24691
7625	9.18609
7626	8.17367
7627	9.31181
7628	8.27212
7629	9.38826
7630	10.2593
7631	10.9309
7632	11.4511
7633	10.9023
7634	11.4287
7635	10.8848
7636	11.4172
7637	10.8758
7638	10.4549
7639	11.0815
7640	11.5692
7641	13.8298
7642	12.7538
7643	10.9609
7644	11.4736
7645	9.96074
7646	9.74162
7647	7.63743
7648	8.89543
7649	9.87167
7650	9.6726
7651	9.51758
7652	7.46178
7653	6.8265
7654	5.35198
7655	6.16161
7656	5.8108
7657	4.55566
7658	3.57164
7659	2.80017
7660	3.18448
7661	4.46628
7662	4.48634
7663	3.51729
7664	3.74486
7665	4.90273
7666	4.82738
7667	4.7685
7668	4.72253
7669	3.70246
7670	3.88956
7671	3.04941
7672	2.39074
7673	2.86466
7674	2.24589
7675	1.76078
7676	1.38045
7677	1.08227
7678	0.848503
7679	0.665226
7680	0.521538
7681	0.408885
7682	0.320566
7683	0.251324
7684	0.197038
7685	0.154478
