# Tempo	Potencial
0	137.976
1	136.769
2	128.324
3	118.385
4	109.628
5	104.725
6	102.167
7	104.594
8	100.663
9	99.5503
10	100.338
11	99.8547
12	93.5921
13	93.0481
14	90.2036
15	87.8994
16	89.7953
17	86.6111
18	85.931
19	84.4326
20	82.9748
21	79.4473
22	82.2614
23	83.1275
24	84.9625
25	85.7928
26	88.8853
27	84.6609
28	85.9492
29	85.2955
30	85.2496
31	90.117
32	90.291
33	93.6618
34	94.8673
35	96.0319
36	95.8194
37	98.2726
38	101.302
39	97.5962
40	96.2625
41	94.7305
42	94.9742
43	95.358
44	92.1718
45	90.3454
46	88.6594
47	90.7478
48	92.2001
49	94.4177
50	91.826
51	92.9867
52	95.7506
53	100.057
54	98.2213
55	94.1514
56	94.9153
57	95.8527
58	101.224
59	100.221
60	96.9246
61	95.1876
62	92.7794
63	95.733
64	93.0462
65	93.5498
66	94.1747
67	96.5818
68	96.4452
69	93.6687
70	95.0423
71	94.0025
72	93.2254
73	90.75
74	92.066
75	92.1921
76	96.0226
77	94.0565
78	91.3493
79	90.8578
80	91.3251
81	90.7577
82	92.9158
83	93.8882
84	92.2342
85	92.5573
86	93.4245
87	94.5823
88	94.2196
89	88.8147
90	86.3573
91	82.6287
92	83.4745
93	87.9505
94	85.3103
95	85.8322
96	87.0224
97	87.1774
98	89.069
99	94.2888
100	94.0061
101	89.0099
102	91.1277
103	92.1426
104	93.0172
105	92.2003
106	91.3495
107	87.7648
108	84.1283
109	85.3749
110	87.2762
111	83.733
112	88.6109
113	92.9902
114	89.1451
115	87.7924
116	89.3276
117	92.0605
118	87.5482
119	85.7668
120	87.919
121	90.0304
122	91.4403
123	91.2053
124	90.2677
125	94.2234
126	92.7107
127	93.9234
128	94.5449
129	94.8127
130	97.7164
131	94.6743
132	94.3641
133	97.0008
134	97.5911
135	98.4003
136	98.3072
137	101.184
138	102.105
139	101.129
140	99.1516
141	100.427
142	98.2557
143	100.249
144	99.4461
145	98.66
146	98.7029
147	96.958
148	94.3119
149	95.1707
150	93.6039
151	94.1821
152	98.1816
153	95.2297
154	94.1065
155	94.7441
156	93.808
157	93.0064
158	99.4459
159	99.8333
160	100.24
161	94.453
162	90.0253
163	88.3139
164	87.4185
165	92.9797
166	90.8924
167	94.9417
168	92.2185
169	93.3287
170	97.5853
171	101.487
172	100.045
173	99.7507
174	99.6045
175	99.6671
176	95.7993
177	96.0322
178	91.2028
179	90.8152
180	93.3635
181	92.5268
182	94.2438
183	95.662
184	98.8608
185	101.66
186	99.5277
187	101.987
188	105.359
189	101.898
190	103.029
191	100.363
192	96.9089
193	92.3884
194	90.9929
195	89.6789
196	89.2632
197	91.2797
198	92.7061
199	96.7462
200	94.6218
201	98.9189
202	99.1971
203	94.6411
204	97.5136
205	96.0796
206	95.4911
207	93.322
208	92.0749
209	92.5217
210	95.9498
211	94.1975
212	97.1101
213	95.5743
214	97.7312
215	96.0501
216	95.684
217	93.1689
218	94.0668
219	89.8527
220	89.3282
221	88.9015
222	88.7674
223	91.6311
224	91.1829
225	92.2212
226	95.2565
227	89.0948
228	90.09
229	90.3677
230	93.8974
231	93.8188
232	93.8235
233	93.5541
234	94.607
235	89.2378
236	95.6111
237	94.2496
238	94.2065
239	92.3863
240	89.1019
241	91.3211
242	93.3198
243	93.8569
244	92.5145
245	93.6273
246	96.2144
247	97.6405
248	99.7839
249	104.292
250	100.094
251	99.7679
252	100.772
253	98.5387
254	97.0508
255	94.6081
256	92.3602
257	92.8414
258	88.5575
259	91.2688
260	88.5068
261	89.5647
262	90.1714
263	87.3325
264	80.517
265	80.6712
266	77.9088
267	72.219
268	77.0448
269	78.4728
270	81.2121
271	79.9468
272	83.1939
273	87.2161
274	86.2884
275	86.3032
276	88.8716
277	89.0517
278	89.383
279	94.6449
280	92.564
281	89.6281
282	94.9792
283	96.6422
284	96.2209
285	97.7837
286	93.5304
287	94.1171
288	93.3727
289	95.1541
290	92.9855
291	89.086
292	88.8632
293	87.7303
294	87.9368
295	92.1021
296	94.0905
297	95.2057
298	95.0013
299	96.2272
300	99.7748
301	97.6576
302	98.7049
303	98.3115
304	94.8079
305	93.0737
306	91.141
307	89.327
308	89.636
309	91.2
310	92.0956
311	92.0688
312	89.4752
313	91.9863
314	91.1474
315	86.7051
316	87.2277
317	87.7441
318	84.2882
319	87.18
320	92.1775
321	94.1436
322	96.8762
323	97.4527
324	98.6971
325	95.3294
326	96.4484
327	93.8039
328	92.699
329	93.9903
330	89.1024
331	85.8426
332	89.9499
333	90.5947
334	95.1869
335	96.0783
336	94.8619
337	93.6623
338	92.8657
339	93.8372
340	92.7724
341	91.5115
342	90.2944
343	93.6999
344	91.2847
345	92.6082
346	95.5323
347	102.106
348	101.366
349	99.9487
350	97.9421
351	96.11
352	98.8069
353	96.805
354	93.7254
355	95.2545
356	96.8184
357	95.9902
358	91.8948
359	92.1876
360	94.0116
361	95.9243
362	95.6376
363	96.2656
364	98.3446
365	93.4886
366	92.1226
367	92.1226
368	92.1433
369	91.0318
370	90.2297
371	91.7106
372	88.9291
373	87.6605
374	87.4718
375	88.3391
376	93.8098
377	96.9024
378	97.2962
379	95.6396
380	92.839
381	93.2827
382	89.6914
383	88.6734
384	91.3342
385	95.2638
386	97.3106
387	96.5068
388	93.5816
389	94.4379
390	93.0279
391	89.3935
392	90.353
393	88.6922
394	91.2162
395	94.9981
396	95.8449
397	99.9431
398	98.398
399	97.8759
400	100.255
401	101.648
402	102.711
403	102.314
404	98.4034
405	97.3332
406	98.2017
407	93.0854
408	94.8785
409	93.9119
410	95.3182
411	96.0767
412	97.2845
413	96.8018
414	97.0897
415	94.1477
416	93.3922
417	96.303
418	95.3957
419	94.9872
420	98.4479
421	100.593
422	97.1336
423	95.621
424	95.2027
425	98.961
426	94.6499
427	95.4638
428	97.1351
429	96.5986
430	97.8252
431	98.6832
432	104.305
433	101.106
434	101.111
435	101.626
436	100.505
437	98.5557
438	96.8112
439	99.2745
440	101.429
441	99.8277
442	99.475
443	97.2894
444	100.643
445	101.133
446	97.9717
447	100.509
448	100.321
449	97.1556
450	97.7412
451	98.1481
452	100.522
453	100.72
454	96.344
455	96.7295
456	95.0782
457	94.144
458	95.4793
459	94.8212
460	89.9211
461	91.9161
462	91.4609
463	88.6261
464	89.0176
465	88.3697
466	87.7138
467	90.3606
468	90.6126
469	91.4147
470	92.6696
471	94.617
472	94.4797
473	94.6272
474	92.2961
475	97.9724
476	96.7467
477	93.6935
478	92.8441
479	96.8021
480	97.8128
481	93.9115
482	94.6068
483	94.7549
484	97.7179
485	97.1837
486	96.6554
487	95.016
488	94.4951
489	91.5013
490	89.442
491	91.1807
492	92.3555
493	95.323
494	96.3424
495	91.2549
496	91.3457
497	91.5746
498	86.8727
499	86.5647
500	89.4849
501	87.7749
502	90.2306
503	91.579
504	95.0973
505	92.0041
506	92.3329
507	97.2593
508	93.9324
509	92.0156
510	95.0942
511	94.0568
512	95.8763
513	97.9961
514	96.9223
515	96.9157
516	96.9093
517	97.2473
518	94.2404
519	91.5691
520	87.4437
521	90.0117
522	88.5503
523	88.8839
524	90.6887
525	89.2808
526	87.5753
527	87.5311
528	83.0432
529	84.8446
530	87.6986
531	89.2787
532	90.3661
533	89.7693
534	90.6571
535	88.6286
536	91.2392
537	90.4564
538	91.2632
539	97.1453
540	101.061
541	98.205
542	99.9476
543	94.6092
544	94.9166
545	95.0827
546	95.509
547	94.1441
548	96.7929
549	93.2034
550	93.9123
551	92.2655
552	94.748
553	95.1885
554	96.6648
555	94.4298
556	93.0462
557	93.4747
558	95.744
559	93.357
560	92.165
561	87.4366
562	88.8412
563	92.1146
564	90.2401
565	87.6708
566	82.8082
567	76.6076
568	79.1933
569	74.6956
570	75.7558
571	76.0319
572	76.7963
573	76.6515
574	78.8139
575	83.4276
576	85.7001
577	87.7815
578	89.4901
579	93.4267
580	92.4247
581	91.156
582	93.411
583	91.064
584	88.8158
585	89.9836
586	89.6995
587	84.1658
588	83.0297
589	86.97
590	87.4345
591	84.2638
592	83.7583
593	82.0023
594	80.8407
595	78.455
596	83.9243
597	83.9856
598	79.5347
599	85.0441
600	88.787
601	86.9412
602	85.7547
603	89.0731
604	93.0758
605	96.5875
606	94.9877
607	96.1084
608	95.1245
609	95.5455
610	94.7432
611	99.4427
612	100.479
613	101.149
614	100.315
615	96.5207
616	97.4549
617	94.7272
618	94.0902
619	97.4867
620	96.1812
621	95.0106
622	94.9006
623	96.4683
624	99.2629
625	101.744
626	101.978
627	102.167
628	101.322
629	101.455
630	101.374
631	97.7493
632	97.0102
633	96.8026
634	98.1625
635	99.3268
636	101.55
637	95.1143
638	94.2298
639	90.6026
640	97.3774
641	95.9726
642	99.4715
643	97.7285
644	96.3365
645	96.1158
646	92.9839
647	95.2795
648	92.545
649	92.9685
650	93.5957
651	92.6141
652	89.3138
653	91.4945
654	91.735
655	88.499
656	87.2423
657	88.5553
658	91.0632
659	89.1011
660	91.3467
661	87.0689
662	88.1929
663	88.8929
664	88.7753
665	91.471
666	89.3435
667	90.6392
668	88.6974
669	87.5936
670	85.8305
671	87.8494
672	86.4053
673	84.8251
674	86.6921
675	87.915
676	90.297
677	91.0854
678	89.8316
679	85.4123
680	86.9012
681	88.8731
682	90.2562
683	91.5474
684	93.8695
685	96.6413
686	96.9049
687	94.3296
688	98.8828
689	97.7024
690	95.523
691	91.0264
692	94.5096
693	93.1974
694	97.6288
695	96.3652
696	94.938
697	95.2589
698	95.7634
699	95.3978
700	96.7949
701	94.0802
702	92.0788
703	88.7502
704	93.4086
705	97.3401
706	91.5091
707	93.0216
708	93.4264
709	86.4047
710	88.3389
711	88.5708
712	87.0641
713	88.7016
714	91.4301
715	89.1949
716	86.8914
717	88.2533
718	88.3437
719	87.432
720	88.7322
721	90.8088
722	94.3506
723	92.0163
724	91.2147
725	91.6932
726	94.644
727	94.5194
728	95.8749
729	93.2301
730	94.0593
731	93.5853
732	94.5335
733	91.4705
734	89.096
735	90.0549
736	90.3415
737	89.6906
738	86.02
739	83.349
740	84.6956
741	85.7349
742	84.7819
743	84.8617
744	84.1243
745	87.282
746	86.967
747	89.2664
748	89.1767
749	86.766
750	84.3888
751	83.0956
752	80.008
753	83.7715
754	87.0834
755	83.399
756	81.1863
757	81.5386
758	79.3606
759	82.7373
760	79.6108
761	80.2869
762	79.1612
763	78.5735
764	80.8961
765	83.0487
766	87.3858
767	88.676
768	94.1608
769	95.1929
770	99.1663
771	98.9474
772	96.7109
773	94.8981
774	94.7772
775	93.6384
776	93.908
777	93.2306
778	94.1515
779	91.1651
780	88.5396
781	94.0525
782	94.012
783	95.2594
784	99.0735
785	96.4354
786	101.371
787	100.784
788	98.7029
789	98.0396
790	98.5921
791	93.4808
792	94.7448
793	94.1455
794	94.311
795	95.2979
796	95.7104
797	95.225
798	93.3458
799	93.2709
800	95.0767
801	98.9564
802	94.623
803	92.6639
804	89.0529
805	84.4703
806	86.6455
807	84.2286
808	85.7867
809	87.0607
810	84.2339
811	84.6734
812	80.5656
813	81.8731
814	84.9287
815	86.5474
816	84.3527
817	80.6287
818	79.2384
819	78.7738
820	81.7891
821	80.8865
822	78.9039
823	86.3415
824	88.8506
825	86.7262
826	85.1757
827	85.2246
828	87.4877
829	84.7548
830	89.3567
831	90.7616
832	92.2654
833	91.2606
834	93.371
835	93.7305
836	92.055
837	90.3094
838	91.9457
839	90.0705
840	94.0746
841	94.1879
842	97.798
843	96.9242
844	92.4878
845	92.254
846	90.8221
847	90.3473
848	90.3588
849	86.9144
850	86.5147
851	89.1122
852	89.6897
853	91.8118
854	91.9301
855	89.3802
856	90.8066
857	93.6841
858	96.1203
859	96.6515
860	93.952
861	93.1748
862	92.7485
863	92.7473
864	92.7261
865	96.028
866	91.7117
867	92.0943
868	89.0205
869	90.5006
870	89.4673
871	90.9368
872	94.4272
873	92.8746
874	94.4639
875	93.2089
876	94.2916
877	93.2664
878	89.8642
879	86.714
880	83.6522
881	86.3144
882	86.2782
883	84.8262
884	85.5832
885	84.2911
886	85.2425
887	86.4843
888	87.494
889	89.507
890	92.4694
891	98.1345
892	95.4161
893	96.7231
894	92.8298
895	91.2797
896	91.4048
897	91.7342
898	92.8694
899	88.6387
900	93.3706
901	93.7922
902	91.9039
903	93.1463
904	88.3529
905	92.2855
906	96.8396
907	96.475
908	98.4331
909	96.8302
910	97.8398
911	98.0372
912	99.1964
913	99.4991
914	100.189
915	97.5859
916	96.5006
917	96.9225
918	97.0285
919	99.5956
920	102.133
921	98.7652
922	96.4091
923	95.0566
924	93.5787
925	92.1521
926	95.3891
927	95.7787
928	93.9713
929	94.0819
930	90.7121
931	87.1277
932	88.9841
933	91.4424
934	93.9386
935	92.4226
936	91.96
937	87.6143
938	83.5205
939	86.768
940	90.5498
941	87.5036
942	86.1161
943	83.6666
944	84.2259
945	83.012
946	86.075
947	80.9682
948	81.2041
949	80.0545
950	78.3063
951	76.7439
952	76.6127
953	77.6878
954	82.7799
955	79.4725
956	80.7616
957	80.1596
958	79.8377
959	82.2817
960	85.6985
961	88.9016
962	88.6317
963	89.5251
964	90.9379
965	89.7942
966	89.9211
967	88.0408
968	86.2432
969	86.5942
970	84.5737
971	88.6904
972	89.521
973	91.7222
974	94.3414
975	91.5255
976	92.9755
977	93.9952
978	90.4757
979	93.6272
980	97.4796
981	99.4383
982	98.2179
983	97.7459
984	101.348
985	100.802
986	98.3063
987	97.0937
988	97.4548
989	101.098
990	101.334
991	99.1423
992	102.421
993	99.4718
994	96.5031
995	94.4792
996	97.8536
997	93.6912
998	93.905
999	92.5839
1000	96.1636
1001	100.154
1002	98.1617
1003	96.6788
1004	97.4421
1005	95.8895
1006	97.812
1007	99.1201
1008	97.9768
1009	98.0692
1010	97.6832
1011	93.6628
1012	98.3501
1013	100.766
1014	100.981
1015	103.267
1016	101.219
1017	104.253
1018	100.594
1019	97.4582
1020	97.2224
1021	98.075
1022	95.996
1023	98.1092
1024	97.7711
1025	94.1622
1026	94.994
1027	100.718
1028	94.4448
1029	95.6242
1030	93.0608
1031	92.5836
1032	92.5564
1033	91.3601
1034	93.0171
1035	89.4733
1036	91.2966
1037	94.4126
1038	95.3339
1039	94.7909
1040	98.369
1041	100.501
1042	98.8692
1043	100.498
1044	96.3743
1045	96.7576
1046	98.1931
1047	96.584
1048	94.2209
1049	93.9798
1050	90.0109
1051	90.1174
1052	89.0476
1053	85.2093
1054	82.8134
1055	81.3767
1056	79.4077
1057	86.3849
1058	83.1854
1059	82.0077
1060	80.4993
1061	83.3949
1062	85.4973
1063	84.112
1064	84.128
1065	83.4029
1066	82.154
1067	77.7908
1068	80.028
1069	79.4228
1070	73.8823
1071	72.6873
1072	75.7817
1073	72.291
1074	73.6214
1075	73.0076
1076	69.4057
1077	66.5611
1078	62.038
1079	60.6655
1080	56.7559
1081	55.9988
1082	54.6391
1083	59.676
1084	59.6954
1085	60.4529
1086	58.0989
1087	58.57
1088	64.3705
1089	64.7779
1090	69.3427
1091	73.2546
1092	71.0028
1093	78.2932
1094	74.0418
1095	75.8308
1096	80.4521
1097	80.0911
1098	78.1834
1099	80.8481
1100	79.0309
1101	81.7919
1102	79.8896
1103	76.9341
1104	77.5614
1105	74.9838
1106	74.8662
1107	79.5295
1108	77.5513
1109	74.8259
1110	76.2534
1111	78.0919
1112	77.0327
1113	80.5385
1114	83.3042
1115	82.9193
1116	83.7942
1117	87.8378
1118	87.2652
1119	90.2785
1120	83.9362
1121	84.6249
1122	82.7036
1123	82.4675
1124	80.6385
1125	81.5792
1126	76.5834
1127	69.8375
1128	70.38
1129	71.9331
1130	75.6999
1131	80.469
1132	76.8946
1133	76.4546
1134	73.9468
1135	79.73
1136	79.4963
1137	75.9189
1138	80.1881
1139	83.9533
1140	85.1572
1141	82.2337
1142	83.5554
1143	87.6487
1144	87.3755
1145	91.0018
1146	86.0866
1147	85.9544
1148	87.6907
1149	88.3733
1150	89.9976
1151	88.1635
1152	86.4877
1153	88.1274
1154	91.2763
1155	98.8274
1156	99.7342
1157	97.0001
1158	99.4099
1159	96.5128
1160	98.6511
1161	96.7766
1162	93.7436
1163	94.4477
1164	91.744
1165	89.2986
1166	94.0072
1167	92.3168
1168	89.8732
1169	89.7355
1170	93.3641
1171	92.5928
1172	96.7572
1173	98.795
1174	97.4377
1175	100.444
1176	101.902
1177	98.4236
1178	96.6121
1179	96.5651
1180	94.621
1181	93.7492
1182	95.6405
1183	94.7018
1184	92.2131
1185	92.1217
1186	92.7169
1187	93.5113
1188	93.2953
1189	94.1806
1190	93.7334
1191	95.6712
1192	97.9187
1193	96.2873
1194	95.1905
1195	96.265
1196	94.2977
1197	95.2677
1198	93.0695
1199	88.9101
1200	92.541
1201	94.4327
1202	96.8557
1203	97.9263
1204	101.503
1205	100.041
1206	101.688
1207	100.456
1208	99.4507
1209	98.7048
1210	95.4298
1211	93.5455
1212	91.3817
1213	86.2377
1214	86.2126
1215	86.7994
1216	89.0175
1217	88.3401
1218	86.2129
1219	90.5652
1220	90.3323
1221	86.7877
1222	86.0328
1223	87.6877
1224	88.5157
1225	90.7732
1226	89.4939
1227	86.3149
1228	87.5534
1229	86.7863
1230	84.3921
1231	83.5476
1232	78.6315
1233	79.7928
1234	80.9709
1235	85.0217
1236	83.4352
1237	81.6996
1238	79.3059
1239	74.9963
1240	76.9883
1241	78.5698
1242	79.4812
1243	81.091
1244	78.6917
1245	82.195
1246	82.2059
1247	84.4629
1248	82.2912
1249	85.1942
1250	89.3779
1251	90.939
1252	85.8159
1253	88.6038
1254	87.094
1255	88.1517
1256	88.616
1257	89.3575
1258	89.1472
1259	89.8569
1260	93.9687
1261	90.6064
1262	94.2213
1263	90.4119
1264	92.3528
1265	89.996
1266	90.3869
1267	91.3851
1268	89.5401
1269	89.934
1270	91.7529
1271	90.2339
1272	86.5679
1273	88.3671
1274	88.7995
1275	86.4172
1276	84.0259
1277	83.0803
1278	82.739
1279	82.3858
1280	88.0242
1281	90.2036
1282	88.8169
1283	84.3678
1284	86.6934
1285	86.1132
1286	87.3667
1287	93.3446
1288	91.4456
1289	90.9537
1290	94.9702
1291	90.0835
1292	89.6799
1293	89.1669
1294	85.7797
1295	86.4173
1296	84.7602
1297	89.0842
1298	88.7385
1299	84.5066
1300	80.0852
1301	80.6905
1302	82.4247
1303	82.6105
1304	81.3944
1305	80.0277
1306	79.0576
1307	80.6856
1308	78.5556
1309	81.5913
1310	89.0399
1311	89.8003
1312	89.3041
1313	89.1104
1314	89.3464
1315	91.5697
1316	97.7758
1317	96.0515
1318	88.4272
1319	86.667
1320	83.711
1321	86.3039
1322	89.489
1323	88.3842
1324	88.5146
1325	89.6592
1326	89.5036
1327	89.3102
1328	91.3705
1329	91.1594
1330	96.7945
1331	94.3634
1332	96.1796
1333	95.1681
1334	92.7075
1335	93.6048
1336	92.9881
1337	90.8972
1338	86.4942
1339	85.6637
1340	86.7714
1341	84.088
1342	84.6209
1343	82.4681
1344	86.0499
1345	86.1377
1346	87.696
1347	87.94
1348	89.6203
1349	90.491
1350	89.7012
1351	92.5676
1352	93.7917
1353	96.7924
1354	96.943
1355	94.2231
1356	95.5941
1357	95.6281
1358	96.4049
1359	93.389
1360	92.7104
1361	94.2519
1362	94.742
1363	93.1778
1364	95.0567
1365	97.7631
1366	96.4668
1367	92.0524
1368	95.4298
1369	89.3809
1370	88.1998
1371	85.2038
1372	89.5041
1373	92.6879
1374	93.1863
1375	94.174
1376	94.539
1377	96.0748
1378	91.2588
1379	89.4351
1380	93.1395
1381	89.4983
1382	92.1454
1383	92.9235
1384	91.4466
1385	93.8135
1386	90.8665
1387	91.7265
1388	94.6239
1389	91.8842
1390	94.9115
1391	96.18
1392	102.317
1393	100.171
1394	101.865
1395	99.6202
1396	99.2478
1397	99.4508
1398	94.6333
1399	96.6289
1400	98.1792
1401	97.696
1402	93.4547
1403	91.6487
1404	94.8028
1405	99.2578
1406	101.711
1407	102.881
1408	99.1642
1409	94.8132
1410	94.826
1411	95.1335
1412	91.7897
1413	92.8266
1414	98.2884
1415	99.1401
1416	92.1918
1417	94.2772
1418	94.9004
1419	95.3278
1420	94.9577
1421	96.8609
1422	93.3807
1423	89.2543
1424	92.6624
1425	89.5937
1426	91.2818
1427	86.276
1428	86.9686
1429	84.5745
1430	84.7653
1431	86.3567
1432	88.3422
1433	85.6901
1434	88.5022
1435	88.9716
1436	89.2668
1437	91.9295
1438	89.4881
1439	86.716
1440	83.2608
1441	82.7325
1442	79.9172
1443	81.4709
1444	81.4112
1445	80.675
1446	82.7359
1447	83.4565
1448	90.1399
1449	93.8647
1450	94.9323
1451	98.7759
1452	98.888
1453	100.075
1454	96.7502
1455	99.5131
1456	96.5153
1457	94.1032
1458	99.7863
1459	98.2747
1460	98.0572
1461	98.1714
1462	96.5795
1463	100.213
1464	102.997
1465	100.569
1466	99.5349
1467	100.776
1468	99.5241
1469	97.9518
1470	95.6981
1471	97.0435
1472	98.5193
1473	100.696
1474	97.5865
1475	99.1358
1476	102.702
1477	98.2534
1478	98.1212
1479	100.189
1480	96.336
1481	98.3039
1482	101.347
1483	102.012
1484	98.055
1485	97.0483
1486	98.0748
1487	92.4131
1488	93.5958
1489	93.3909
1490	95.7533
1491	95.4116
1492	96.3559
1493	95.3036
1494	95.9587
1495	91.298
1496	91.1182
1497	89.1724
1498	88.3787
1499	86.116
1500	86.4798
1501	84.5
1502	78.0527
1503	80.5646
1504	82.4724
1505	83.8978
1506	84.2119
1507	80.5735
1508	78.8667
1509	79.4844
1510	79.8829
1511	80.1633
1512	80.6096
1513	83.7582
1514	81.3518
1515	81.8899
1516	79.8407
1517	84.7369
1518	87.0918
1519	92.3244
1520	91.5311
1521	92.1204
1522	94.5819
1523	98.6391
1524	100.201
1525	97.1577
1526	96.9342
1527	96.477
1528	97.4371
1529	96.254
1530	95.3447
1531	96.7145
1532	93.44
1533	94.2799
1534	95.0994
1535	94.7686
1536	92.1107
1537	91.6032
1538	91.3803
1539	95.5883
1540	95.548
1541	97.1971
1542	95.4343
1543	96.8585
1544	95.532
1545	96.9908
1546	95.1019
1547	93.447
1548	92.7633
1549	91.7065
1550	91.4857
1551	88.1542
1552	90.9377
1553	94.4479
1554	95.585
1555	98.3288
1556	97.0325
1557	95.626
1558	94.6975
1559	97.9966
1560	95.7132
1561	95.2865
1562	95.4437
1563	94.9978
1564	93.8295
1565	92.7106
1566	95.3191
1567	97.7831
1568	101.116
1569	95.9754
1570	92.1882
1571	91.1154
1572	92.4991
1573	98.6125
1574	98.4351
1575	94.4351
1576	93.2387
1577	89.4499
1578	94.5267
1579	93.3073
1580	93.3621
1581	92.2685
1582	93.8586
1583	89.8897
1584	95.1299
1585	97.8288
1586	99.7065
1587	99.9778
1588	102.143
1589	101.223
1590	99.2415
1591	96.1539
1592	95.9378
1593	96.6306
1594	97.9288
1595	95.2523
1596	97.4836
1597	97.9555
1598	93.8758
1599	90.7718
1600	89.3456
1601	90.5357
1602	90.0571
1603	91.4801
1604	88.3174
1605	88.341
1606	89.757
1607	93.7045
1608	93.1389
1609	91.7213
1610	90.8244
1611	92.1306
1612	91.6749
1613	91.8984
1614	92.113
1615	89.1546
1616	92.7842
1617	92.0238
1618	93.0407
1619	92.3311
1620	95.5526
1621	96.7547
1622	92.9028
1623	92.7211
1624	95.5019
1625	95.1681
1626	92.1575
1627	84.124
1628	88.6367
1629	87.6164
1630	88.7443
1631	87.7417
1632	86.8158
1633	86.6126
1634	86.6403
1635	88.1869
1636	88.2573
1637	91.9018
1638	93.3172
1639	90.0607
1640	89.355
1641	88.9923
1642	84.6172
1643	84.0033
1644	86.3352
1645	81.8084
1646	83.2106
1647	84.7804
1648	81.9591
1649	83.1402
1650	83.2852
1651	85.0371
1652	85.5623
1653	84.0338
1654	84.651
1655	87.6407
1656	93.6292
1657	90.6384
1658	90.9212
1659	93.3955
1660	94.7101
1661	93.2029
1662	90.8497
1663	81.3854
1664	83.0821
1665	85.853
1666	87.7379
1667	86.2853
1668	79.8043
1669	82.4588
1670	86.0781
1671	86.1996
1672	79.3842
1673	79.1601
1674	78.8072
1675	82.7789
1676	88.2567
1677	91.2193
1678	93.6843
1679	91.4243
1680	92.9254
1681	91.237
1682	90.3514
1683	95.1344
1684	91.491
1685	92.9521
1686	88.5907
1687	91.6566
1688	92.3596
1689	91.0934
1690	92.9198
1691	89.5158
1692	87.9282
1693	90.178
1694	86.0134
1695	83.2406
1696	79.8521
1697	79.0829
1698	81.1375
1699	84.4395
1700	83.955
1701	82.4202
1702	82.0849
1703	82.9973
1704	86.7691
1705	89.3713
1706	85.2682
1707	88.2586
1708	85.794
1709	82.2713
1710	80.9481
1711	82.8209
1712	84.9851
1713	83.6918
1714	90.3594
1715	88.492
1716	88.6031
1717	87.3129
1718	83.8972
1719	85.4217
1720	84.355
1721	84.3696
1722	86.0778
1723	85.1055
1724	84.4426
1725	81.1345
1726	79.7974
1727	83.344
1728	87.8433
1729	91.8241
1730	93.3033
1731	91.1853
1732	93.6781
1733	95.9213
1734	96.4896
1735	95.3029
1736	91.2406
1737	91.3239
1738	88.6913
1739	94.1151
1740	93.72
1741	96.8332
1742	96.4261
1743	99.7311
1744	100.162
1745	100.776
1746	97.9352
1747	98.1329
1748	98.818
1749	95.234
1750	98.2748
1751	102.687
1752	100.419
1753	102.239
1754	102.049
1755	101.423
1756	104.676
1757	103.444
1758	102.393
1759	102.406
1760	102.229
1761	101.358
1762	97.5496
1763	97.8113
1764	93.9468
1765	92.746
1766	95.0569
1767	93.1888
1768	93.0586
1769	93.4211
1770	94.5586
1771	94.8499
1772	96.7579
1773	93.6587
1774	90.5065
1775	89.902
1776	90.7745
1777	87.0823
1778	93.0917
1779	95.5361
1780	97.8552
1781	96.7276
1782	94.9386
1783	98.0638
1784	97.5761
1785	100.549
1786	98.7335
1787	93.203
1788	95.8144
1789	96.2247
1790	97.4047
1791	95.8205
1792	98.5695
1793	96.1405
1794	92.9946
1795	97.1519
1796	94.5602
1797	94.5001
1798	93.8559
1799	92.5441
1800	92.9619
1801	88.7807
1802	90.1704
1803	91.3153
1804	92.4049
1805	94.7732
1806	93.7226
1807	92.3158
1808	92.5481
1809	87.722
1810	91.1324
1811	91.6354
1812	91.4685
1813	93.0133
1814	96.1257
1815	95.4382
1816	96.8413
1817	97.7345
1818	97.2598
1819	97.3531
1820	96.2678
1821	95.7358
1822	96.3856
1823	97.3769
1824	96.6562
1825	93.3775
1826	97.2177
1827	96.0805
1828	96.8937
1829	96.698
1830	93.939
1831	96.1884
1832	99.6976
1833	98.014
1834	99.6907
1835	100.625
1836	97.7039
1837	94.6362
1838	90.8314
1839	93.4555
1840	93.7806
1841	93.6231
1842	91.5001
1843	92.8255
1844	91.9454
1845	92.0569
1846	90.383
1847	89.964
1848	95.7595
1849	97.2141
1850	95.9917
1851	98.3171
1852	93.2655
1853	93.4809
1854	98.0287
1855	99.233
1856	99.6414
1857	97.9736
1858	98.0499
1859	99.297
1860	99.8933
1861	95.413
1862	91.6333
1863	93.9348
1864	91.3226
1865	89.0655
1866	94.8439
1867	94.5658
1868	93.9831
1869	97.6898
1870	95.8656
1871	94.9427
1872	90.264
1873	87.6142
1874	87.8031
1875	85.909
1876	81.9545
1877	85.1843
1878	90.4312
1879	90.7983
1880	90.3183
1881	91.4795
1882	93.3321
1883	92.4775
1884	93.8737
1885	93.7279
1886	93.4684
1887	94.7265
1888	94.9744
1889	94.4286
1890	95.3313
1891	98.7354
1892	95.5388
1893	94.6012
1894	95.1659
1895	96.2535
1896	95.3267
1897	95.9188
1898	94.881
1899	94.0112
1900	92.4988
1901	90.6989
1902	85.6495
1903	86.4553
1904	84.5824
1905	84.3068
1906	85.5374
1907	88.0673
1908	86.0739
1909	85.5155
1910	86.9715
1911	84.1642
1912	82.7643
1913	81.6694
1914	90.1233
1915	92.2254
1916	90.0074
1917	94.0004
1918	94.8849
1919	96.511
1920	97.6691
1921	100.77
1922	96.2784
1923	97.7848
1924	98.8109
1925	101.6
1926	101.851
1927	98.355
1928	101.151
1929	101.315
1930	95.7603
1931	94.2932
1932	96.5908
1933	97.9781
1934	98.8951
1935	100.732
1936	99.071
1937	98.4023
1938	99.9174
1939	99.144
1940	98.4238
1941	100.43
1942	100.946
1943	98.9204
1944	95.0334
1945	93.259
1946	93.6624
1947	97.2559
1948	94.5132
1949	89.8741
1950	92.7927
1951	93.4977
1952	88.4607
1953	89.4955
1954	89.3499
1955	94.0999
1956	92.7504
1957	93.604
1958	93.2952
1959	99.5756
1960	99.4432
1961	97.5544
1962	95.2904
1963	92.9567
1964	91.6978
1965	92.4382
1966	90.6092
1967	91.5563
1968	91.8165
1969	83.0495
1970	78.6834
1971	76.4372
1972	77.2728
1973	79.5562
1974	81.5543
1975	76.5962
1976	80.2579
1977	83.5252
1978	84.496
1979	86.0697
1980	87.5369
1981	88.4659
1982	90.5669
1983	94.6721
1984	94.3096
1985	95.8036
1986	95.0366
1987	97.7571
1988	96.9058
1989	99.1647
1990	97.3537
1991	100.358
1992	103.519
1993	101.991
1994	100.896
1995	100.751
1996	97.9087
1997	98.1958
1998	97.5891
1999	98.3146
2000	97.2903
2001	97.8197
2002	91.4225
2003	91.7507
2004	89.5091
2005	88.3278
2006	91.1639
2007	90.948
2008	90.8324
2009	90.1602
2010	90.7885
2011	92.978
2012	93.4082
2013	94.6652
2014	93.1789
2015	88.995
2016	89.259
2017	91.0677
2018	92.4658
2019	93.6025
2020	90.5306
2021	87.7299
2022	85.174
2023	87.324
2024	83.5674
2025	82.9545
2026	82.618
2027	81.1097
2028	82.7147
2029	86.7053
2030	89.2585
2031	88.5676
2032	87.2468
2033	89.6556
2034	96.4804
2035	95.1417
2036	94.0435
2037	93.5126
2038	94.4194
2039	93.391
2040	92.3444
2041	89.2156
2042	92.4208
2043	93.9987
2044	93.9972
2045	94.5689
2046	94.2295
2047	94.8002
2048	96.694
2049	94.9709
2050	93.8979
2051	93.7968
2052	93.3383
2053	89.7097
2054	92.7684
2055	95.468
2056	95.2939
2057	94.0247
2058	99.412
2059	101.384
2060	99.0363
2061	97.8376
2062	96.7438
2063	99.795
2064	98.0003
2065	97.6217
2066	95.3095
2067	94.5796
2068	95.7186
2069	95.0439
2070	95.075
2071	95.7818
2072	96.7776
2073	95.0215
2074	94.8883
2075	96.199
2076	94.7556
2077	95.3467
2078	95.2988
2079	94.397
2080	89.4582
2081	88.4067
2082	90.0769
2083	87.503
2084	86.1316
2085	81.6264
2086	87.1402
2087	85.4459
2088	86.3731
2089	87.1344
2090	86.3233
2091	89.0878
2092	86.308
2093	86.2486
2094	88.5117
2095	88.9952
2096	92.2515
2097	89.4561
2098	93.6277
2099	90.5557
2100	86.6066
2101	88.1041
2102	83.7044
2103	82.1975
2104	85.1247
2105	83.5492
2106	83.7734
2107	84.3864
2108	83.2113
2109	85.9058
2110	81.7762
2111	79.2094
2112	78.2134
2113	80.5157
2114	80.6325
2115	80.6016
2116	79.6061
2117	79.874
2118	84.1723
2119	82.412
2120	81.4181
2121	81.8498
2122	85.5379
2123	87.6257
2124	88.6391
2125	92.6539
2126	94.4504
2127	93.8212
2128	93.3258
2129	95.9269
2130	91.3681
2131	91.2963
2132	92.5761
2133	95.0726
2134	100.533
2135	98.2208
2136	96.0553
2137	94.6428
2138	95.6539
2139	98.3573
2140	101.825
2141	99.1994
2142	99.5532
2143	100.113
2144	99.3839
2145	99.6114
2146	97.3324
2147	94.8758
2148	96.2651
2149	96.5289
2150	95.5042
2151	96.6873
2152	98.0054
2153	97.0225
2154	98.2043
2155	96.1444
2156	91.5754
2157	91.7706
2158	96.3728
2159	93.5388
2160	92.1461
2161	93.2267
2162	91.8544
2163	90.9412
2164	95.4385
2165	96.596
2166	97.0356
2167	99.972
2168	97.8195
2169	95.3683
2170	95.8845
2171	97.5465
2172	97.2749
2173	97.1382
2174	94.8521
2175	91.1639
2176	91.7969
2177	87.7333
2178	93.6256
2179	92.71
2180	93.5974
2181	96.2298
2182	95.7448
2183	92.6255
2184	93.2268
2185	93.1337
2186	92.9692
2187	91.8615
2188	88.9144
2189	82.2262
2190	84.6349
2191	83.6782
2192	83.5017
2193	82.869
2194	79.9212
2195	79.9793
2196	82.3196
2197	77.3036
2198	78.9138
2199	82.6326
2200	87.2184
2201	89.5032
2202	86.6441
2203	86.36
2204	88.9367
2205	85.649
2206	84.0365
2207	87.8066
2208	88.3103
2209	83.6712
2210	84.7311
2211	88.4645
2212	90.6069
2213	91.5439
2214	95.7911
2215	95.7252
2216	95.146
2217	101.001
2218	103.182
2219	97.9381
2220	94.3578
2221	94.0152
2222	95.6132
2223	97.1577
2224	98.5237
2225	96.7192
2226	95.6652
2227	97.6785
2228	97.0186
2229	97.5032
2230	99.2947
2231	95.3489
2232	95.5102
2233	95.6579
2234	96.5148
2235	96.5923
2236	91.4106
2237	89.6457
2238	88.462
2239	83.9398
2240	82.6423
2241	84.48
2242	86.6938
2243	89.8619
2244	94.0172
2245	92.231
2246	93.1305
2247	94.4872
2248	91.4173
2249	91.2272
2250	89.1891
2251	88.63
2252	91.2128
2253	88.766
2254	86.7613
2255	80.9474
2256	82.2035
2257	84.8339
2258	92.2574
2259	93.9453
2260	91.6588
2261	90.093
2262	91.7509
2263	96.8616
2264	94.5756
2265	94.7522
2266	94.4629
2267	97.6849
2268	98.8803
2269	97.7501
2270	97.0343
2271	97.6113
2272	98.3077
2273	100.393
2274	97.6116
2275	92.2925
2276	93.2407
2277	93.7795
2278	93.7729
2279	92.2418
2280	92.0802
2281	94.4107
2282	98.3174
2283	96.1106
2284	95.5239
2285	91.8939
2286	91.6468
2287	93.0012
2288	94.3173
2289	91.3761
2290	90.7685
2291	90.8167
2292	91.1847
2293	97.1624
2294	94.6475
2295	97.8747
2296	99.3099
2297	99.9656
2298	100.089
2299	102.016
2300	99.7973
2301	99.1563
2302	98.8274
2303	95.9288
2304	94.7502
2305	90.5784
2306	91.9355
2307	92.9894
2308	94.1463
2309	91.3918
2310	89.2555
2311	91.6491
2312	90.855
2313	92.8303
2314	89.3193
2315	88.8726
2316	90.4429
2317	85.6333
2318	84.8633
2319	83.7214
2320	88.8752
2321	86.5879
2322	82.131
2323	84.3145
2324	82.2711
2325	82.0324
2326	82.9373
2327	82.6424
2328	85.6221
2329	89.4786
2330	89.024
2331	93.5814
2332	90.2779
2333	94.6474
2334	94.4532
2335	94.5419
2336	96.6943
2337	97.1968
2338	95.2009
2339	93.7668
2340	94.876
2341	90.5064
2342	89.9671
2343	90.6156
2344	89.8597
2345	91.9497
2346	95.46
2347	97.1772
2348	98.0091
2349	97.033
2350	93.8522
2351	94.2084
2352	93.4337
2353	94.067
2354	92.0637
2355	94.7699
2356	96.8825
2357	92.9645
2358	89.0704
2359	90.7038
2360	92.9116
2361	91.8266
2362	92.4867
2363	92.3796
2364	92.5795
2365	93.288
2366	97.8913
2367	96.846
2368	95.441
2369	94.0715
2370	91.9844
2371	92.6133
2372	93.0359
2373	92.5094
2374	91.2767
2375	89.9183
2376	90.8481
2377	90.6339
2378	93.5592
2379	93.0335
2380	93.7218
2381	94.6611
2382	98.452
2383	99.3012
2384	97.4013
2385	97.5379
2386	99.5184
2387	97.1162
2388	92.6643
2389	91.0454
2390	89.2866
2391	87.306
2392	84.7853
2393	83.996
2394	88.6798
2395	87.6022
2396	84.2659
2397	80.1186
2398	81.0974
2399	85.1733
2400	86.6778
2401	89.0035
2402	90.394
2403	86.1395
2404	88.1299
2405	86.33
2406	85.0303
2407	85.3511
2408	84.4007
2409	89.5968
2410	90.3961
2411	91.5168
2412	94.4761
2413	98.1185
2414	94.1958
2415	93.8746
2416	90.2225
2417	88.6531
2418	88.4176
2419	85.897
2420	84.3096
2421	86.5174
2422	86.7225
2423	91.9351
2424	92.0542
2425	91.5594
2426	93.3148
2427	94.5913
2428	92.215
2429	94.6903
2430	93.9658
2431	94.9315
2432	93.9274
2433	95.8265
2434	94.6852
2435	89.0634
2436	89.1078
2437	87.6284
2438	89.7915
2439	92.2868
2440	94.0331
2441	95.223
2442	95.86
2443	94.475
2444	99.3182
2445	100.741
2446	98.2605
2447	97.5565
2448	100.151
2449	96.4251
2450	96.9776
2451	94.815
2452	89.2484
2453	88.4823
2454	82.526
2455	81.1999
2456	82.0612
2457	85.3125
2458	84.3863
2459	82.529
2460	80.0908
2461	81.6752
2462	83.299
2463	84.4177
2464	86.3813
2465	89.0127
2466	88.5411
2467	86.2219
2468	86.1934
2469	87.0028
2470	91.4521
2471	90.9657
2472	89.8931
2473	93.6006
2474	91.3468
2475	93.465
2476	93.2633
2477	91.0261
2478	92.1288
2479	94.1544
2480	93.9934
2481	97.3274
2482	96.8508
2483	96.9694
2484	97.8314
2485	98.4601
2486	95.1688
2487	93.7893
2488	92.9479
2489	90.7872
2490	94.8385
2491	98.0849
2492	100.683
2493	101.158
2494	97.9486
2495	99.2328
2496	95.8275
2497	97.3905
2498	99.0422
2499	97.3954
2500	93.4429
2501	94.4672
2502	96.7798
2503	95.9953
2504	96.6947
2505	96.8263
2506	96.6239
2507	96.9518
2508	99.1869
2509	101.944
2510	97.1403
2511	95.5349
2512	95.5587
2513	95.3284
2514	95.819
2515	92.0744
2516	90.5581
2517	88.2711
2518	88.8623
2519	89.4519
2520	93.8791
2521	94.0822
2522	92.2346
2523	89.2052
2524	89.6047
2525	88.7075
2526	88.1962
2527	88.3625
2528	91.1708
2529	88.0669
2530	90.8241
2531	89.4886
2532	90.5013
2533	94.4013
2534	97.1529
2535	99.5585
2536	96.5731
2537	95.4357
2538	98.5913
2539	97.8983
2540	97.4839
2541	94.9853
2542	92.6359
2543	86.1736
2544	91.3917
2545	91.7616
2546	94.2252
2547	93.5626
2548	94.9725
2549	98.8926
2550	98.2303
2551	99.3554
2552	99.1394
2553	99.6271
2554	97.3635
2555	95.5012
2556	93.9804
2557	91.3774
2558	89.3547
2559	86.4112
2560	83.2349
2561	86.4666
2562	86.603
2563	83.5336
2564	83.4906
2565	84.0828
2566	89.3134
2567	87.5664
2568	86.8248
2569	88.1559
2570	88.9089
2571	89.083
2572	87.2671
2573	82.4878
2574	82.2826
2575	83.009
2576	79.2787
2577	75.6243
2578	73.4278
2579	71.0065
2580	73.6382
2581	70.051
2582	60.9433
2583	64.6891
2584	66.8263
2585	68.0015
2586	65.8383
2587	69.7977
2588	64.9942
2589	64.988
2590	64.59
2591	62.9004
2592	68.3861
2593	69.9842
2594	70.6138
2595	72.1144
2596	72.4338
2597	76.1029
2598	78.6707
2599	77.7457
2600	80.6436
2601	77.863
2602	79.9092
2603	77.3328
2604	78.3693
2605	77.8694
2606	78.7185
2607	80.2891
2608	80.0012
2609	77.6077
2610	78.1482
2611	76.7307
2612	72.9839
2613	78.5457
2614	83.3612
2615	82.4182
2616	85.2262
2617	81.111
2618	81.5797
2619	81.0493
2620	84.772
2621	87.5049
2622	88.4498
2623	91.7068
2624	93.9841
2625	93.9334
2626	95.3402
2627	95.8398
2628	94.8301
2629	94.2831
2630	95.9183
2631	94.0621
2632	90.9167
2633	91.7295
2634	86.9906
2635	84.6492
2636	83.1455
2637	85.9553
2638	85.8762
2639	84.3498
2640	87.0665
2641	90.0235
2642	92.4137
2643	92.444
2644	92.9655
2645	93.3615
2646	90.228
2647	94.3947
2648	92.9707
2649	96.2332
2650	92.2937
2651	89.7805
2652	87.5539
2653	88.4607
2654	86.9676
2655	83.7565
2656	84.521
2657	83.9137
2658	89.5701
2659	89.6019
2660	91.1043
2661	93.1058
2662	94.2811
2663	93.5359
2664	88.8609
2665	87.941
2666	87.0758
2667	89.3385
2668	92.6526
2669	91.9948
2670	94.916
2671	92.345
2672	91.325
2673	85.3373
2674	87.3444
2675	85.9989
2676	85.967
2677	89.7318
2678	88.7586
2679	85.5237
2680	88.5161
2681	89.7513
2682	89.4151
2683	91.8267
2684	92.4438
2685	89.725
2686	93.1417
2687	90.1476
2688	88.0956
2689	84.0352
2690	83.0121
2691	83.8162
2692	85.7116
2693	85.4642
2694	83.8443
2695	83.88
2696	80.0617
2697	81.2931
2698	77.421
2699	76.7444
2700	77.5357
2701	73.6947
2702	73.973
2703	74.3167
2704	71.1598
2705	69.5753
2706	67.0284
2707	64.8704
2708	66.8116
2709	70.0884
2710	68.1298
2711	64.3037
2712	67.7781
2713	65.2654
2714	70.1632
2715	74.539
2716	75.4375
2717	73.6832
2718	76.0099
2719	76.6657
2720	77.4198
2721	75.97
2722	75.1107
2723	79.6135
2724	85.6033
2725	84.7814
2726	91.9392
2727	89.5296
2728	88.3655
2729	90.7007
2730	92.7261
2731	97.5094
2732	98.8454
2733	97.4922
2734	94.9997
2735	93.6176
2736	92.9368
2737	89.4548
2738	90.855
2739	90.0216
2740	89.9234
2741	88.2158
2742	89.8827
2743	87.2801
2744	87.2201
2745	89.8815
2746	90.1843
2747	89.8258
2748	92.5273
2749	94.7648
2750	93.6911
2751	95.3319
2752	90.6135
2753	86.012
2754	82.5238
2755	81.1879
2756	82.7519
2757	86.1833
2758	84.9757
2759	85.4155
2760	89.2861
2761	89.6169
2762	92.1501
2763	93.4461
2764	96.1145
2765	95.1726
2766	95.8161
2767	96.6758
2768	95.1571
2769	93.9531
2770	93.968
2771	97.153
2772	94.8971
2773	92.833
2774	91.6527
2775	92.637
2776	87.8118
2777	89.6137
2778	91.3747
2779	88.0419
2780	89.3087
2781	92.6896
2782	92.9465
2783	93.9952
2784	93.476
2785	97.5218
2786	96.9154
2787	96.3854
2788	97.9381
2789	101.698
2790	102.903
2791	100.804
2792	93.5481
2793	93.716
2794	98.4155
2795	102.199
2796	100.206
2797	101.394
2798	95.4776
2799	95.0927
2800	94.5226
2801	94.9507
2802	94.071
2803	95.9388
2804	96.9943
2805	95.6568
2806	95.0268
2807	96.6338
2808	97.5093
2809	98.3155
2810	97.5729
2811	97.967
2812	97.2229
2813	97.4011
2814	96.4813
2815	98.6285
2816	99.6641
2817	93.2829
2818	96.2399
2819	90.9644
2820	91.4408
2821	92.6335
2822	88.342
2823	85.9079
2824	86.0358
2825	85.1828
2826	83.2258
2827	84.5098
2828	85.5577
2829	84.6023
2830	82.0966
2831	82.3669
2832	86.8107
2833	83.0018
2834	83.5203
2835	86.0084
2836	80.1293
2837	76.4846
2838	79.6405
2839	80.3606
2840	80.3981
2841	80.9541
2842	77.9274
2843	77.0921
2844	76.9454
2845	74.9744
2846	78.4425
2847	79.9395
2848	80.4905
2849	85.4428
2850	85.2341
2851	86.0324
2852	87.2171
2853	87.9154
2854	88.661
2855	87.4388
2856	88.9552
2857	89.5122
2858	93.4531
2859	94.8918
2860	97.3845
2861	99.1965
2862	99.9099
2863	102.925
2864	101.125
2865	102.243
2866	104.085
2867	101.902
2868	97.6487
2869	99.1152
2870	93.4077
2871	92.2991
2872	89.9493
2873	92.4167
2874	90.4267
2875	88.9131
2876	87.9453
2877	86.33
2878	88.2047
2879	87.8505
2880	91.9008
2881	93.1349
2882	93.1205
2883	93.9121
2884	90.6835
2885	95.7805
2886	94.2102
2887	93.1141
2888	93.6734
2889	96.5929
2890	98.1327
2891	95.5297
2892	97.1699
2893	93.7657
2894	94.0866
2895	91.083
2896	86.8732
2897	85.3941
2898	89.9271
2899	88.6314
2900	90.0505
2901	97.3727
2902	95.8332
2903	96.9253
2904	95.4229
2905	96.0367
2906	95.7118
2907	92.126
2908	91.6901
2909	91.1295
2910	91.6493
2911	90.7522
2912	90.5903
2913	91.3306
2914	90.731
2915	90.4395
2916	86.4346
2917	88.0047
2918	90.9061
2919	91.0119
2920	90.4486
2921	89.69
2922	87.7783
2923	88.0229
2924	91.6384
2925	93.4271
2926	96.2537
2927	97.2238
2928	96.8236
2929	96.8854
2930	96.3196
2931	98.3266
2932	94.4415
2933	89.4795
2934	87.72
2935	89.4237
2936	92.9571
2937	90.8021
2938	90.9435
2939	89.8428
2940	82.2415
2941	84.1269
2942	85.7621
2943	84.0324
2944	83.2864
2945	79.5984
2946	81.1195
2947	80.3083
2948	82.7822
2949	81.9889
2950	83.21
2951	89.6951
2952	90.526
2953	89.3905
2954	86.0531
2955	86.3695
2956	85.5912
2957	89.2186
2958	91.8699
2959	91.3369
2960	93.5671
2961	94.2688
2962	91.1801
2963	88.0267
2964	87.7916
2965	90.6822
2966	95.1431
2967	96.1414
2968	95.2985
2969	98.797
2970	96.0688
2971	97.3148
2972	95.7193
2973	95.1707
2974	94.7097
2975	94.8103
2976	91.8886
2977	89.85
2978	91.0068
2979	88.5374
2980	89.5557
2981	89.0106
2982	91.7837
2983	92.5887
2984	92.284
2985	94.111
2986	91.5964
2987	92.2847
2988	85.6538
2989	89.7124
2990	89.3363
2991	91.671
2992	94.4521
2993	97.4594
2994	94.7141
2995	92.6978
2996	87.8762
2997	91.4548
2998	93.5906
2999	89.0834
3000	88.6514
3001	92.7184
3002	94.5434
3003	95.8578
3004	89.2108
3005	88.4488
3006	87.2488
3007	86.1732
3008	82.624
3009	79.3372
3010	76.0779
3011	76.1706
3012	72.325
3013	76.7592
3014	80.662
3015	82.9831
3016	84.0121
3017	83.8956
3018	82.2441
3019	84.4629
3020	85.2011
3021	82.974
3022	79.183
3023	78.2922
3024	81.8499
3025	80.7987
3026	81.3974
3027	78.8281
3028	79.6676
3029	77.1755
3030	80.6987
3031	83.5915
3032	81.9734
3033	79.7513
3034	86.1588
3035	89.7435
3036	92.5946
3037	94.9152
3038	96.9514
3039	97.8313
3040	94.8613
3041	91.0863
3042	87.6604
3043	87.3763
3044	85.835
3045	84.197
3046	82.4765
3047	83.7123
3048	86.6968
3049	84.4223
3050	90.0533
3051	91.4779
3052	91.4628
3053	90.5694
3054	87.5893
3055	93.2444
3056	92.5028
3057	94.2485
3058	94.7698
3059	95.8973
3060	96.2568
3061	90.7506
3062	90.1412
3063	88.3075
3064	85.249
3065	85.0216
3066	87.6849
3067	84.7833
3068	86.2074
3069	81.9463
3070	84.3185
3071	86.6644
3072	87.8055
3073	86.8332
3074	87.2537
3075	88.5537
3076	84.3904
3077	88.7385
3078	85.2209
3079	83.4827
3080	89.414
3081	91.0414
3082	90.8471
3083	89.059
3084	89.443
3085	86.6715
3086	83.3416
3087	85.7957
3088	85.1631
3089	86.4864
3090	90.2847
3091	89.5345
3092	92.058
3093	89.3676
3094	89.7985
3095	92.8455
3096	95.1627
3097	96.0034
3098	92.9687
3099	94.2035
3100	96.138
3101	99.0698
3102	99.6286
3103	102.587
3104	101.419
3105	99.8021
3106	100.958
3107	100.062
3108	96.2258
3109	94.7146
3110	95.07
3111	98.3874
3112	98.7537
3113	101.932
3114	100.077
3115	102.198
3116	106.614
3117	101.646
3118	100.26
3119	95.927
3120	94.0408
3121	92.9064
3122	94.2287
3123	94.5913
3124	93.2163
3125	91.8078
3126	92.9449
3127	95.8563
3128	95.5279
3129	94.2426
3130	91.6725
3131	94.2364
3132	92.385
3133	90.4312
3134	93.3626
3135	95.4241
3136	94.7187
3137	93.2788
3138	94.7299
3139	92.8861
3140	94.8665
3141	95.2791
3142	93.5541
3143	93.7441
3144	94.7842
3145	95.1938
3146	96.7508
3147	100.218
3148	102.001
3149	101.783
3150	103.47
3151	103.574
3152	100.301
3153	101.542
3154	101.544
3155	102.234
3156	100.523
3157	98.8432
3158	99.0243
3159	97.2006
3160	95.561
3161	95.9766
3162	94.1781
3163	97.644
3164	94.218
3165	94.1684
3166	95.8116
3167	96.7275
3168	97.2052
3169	97.4301
3170	96.9799
3171	99.8807
3172	99.5783
3173	97.5567
3174	97.1034
3175	98.1319
3176	95.3758
3177	96.3267
3178	93.0032
3179	91.2483
3180	92.2063
3181	89.1502
3182	87.0812
3183	93.4357
3184	89.2088
3185	92.0894
3186	87.629
3187	87.5863
3188	92.0752
3189	94.3925
3190	94.6801
3191	95.3613
3192	96.2779
3193	97.4659
3194	100.93
3195	100.719
3196	100.792
3197	102.397
3198	102.387
3199	101.137
3200	103.469
3201	97.9023
3202	98.1512
3203	97.7786
3204	99.7124
3205	95.0352
3206	96.3526
3207	95.3301
3208	92.1739
3209	96.0915
3210	100.417
3211	102.009
3212	101.904
3213	101.411
3214	100.098
3215	96.6244
3216	94.6155
3217	93.2271
3218	89.4284
3219	89.3896
3220	90.6938
3221	92.1431
3222	93.7101
3223	91.6149
3224	93.6718
3225	92.9708
3226	95.5083
3227	96.3591
3228	97.3444
3229	94.8204
3230	93.297
3231	93.0958
3232	92.8231
3233	92.5655
3234	93.6413
3235	94.2335
3236	91.6528
3237	91.8962
3238	90.2857
3239	88.7337
3240	88.9114
3241	87.6779
3242	87.1948
3243	84.3858
3244	83.3236
3245	85.9272
3246	77.8542
3247	81.0155
3248	79.5674
3249	78.8084
3250	77.4825
3251	79.836
3252	83.2164
3253	78.3953
3254	79.9033
3255	80.0132
3256	80.4679
3257	83.5724
3258	83.5328
3259	85.8316
3260	84.7266
3261	85.5323
3262	91.723
3263	95.7107
3264	95.5304
3265	95.5096
3266	95.4505
3267	91.9594
3268	93.2068
3269	94.4663
3270	97.7669
3271	102.263
3272	101.177
3273	103.127
3274	100.604
3275	98.565
3276	100.613
3277	99.7287
3278	99.3944
3279	98.266
3280	98.504
3281	97.9188
3282	97.4513
3283	97.9535
3284	96.6133
3285	98.8187
3286	96.4377
3287	98.5239
3288	97.873
3289	95.1903
3290	96.7934
3291	96.87
3292	94.5669
3293	95.0579
3294	97.461
3295	96.4139
3296	92.2801
3297	91.1856
3298	94.404
3299	92.3276
3300	94.1935
3301	93.28
3302	94.2215
3303	100.371
3304	101.006
3305	101.911
3306	100.954
3307	98.6071
3308	95.8528
3309	98.8849
3310	98.6435
3311	100.768
3312	98.4219
3313	100.882
3314	99.5962
3315	94.0627
3316	89.1912
3317	86.5845
3318	85.8789
3319	86.1075
3320	84.3421
3321	83.182
3322	79.5043
3323	78.5065
3324	80.3942
3325	78.5307
3326	74.5592
3327	72.5986
3328	72.9816
3329	75.3857
3330	81.0154
3331	81.7364
3332	82.2334
3333	82.8573
3334	82.8764
3335	79.1579
3336	82.4576
3337	83.0329
3338	88.1175
3339	91.2813
3340	96.8331
3341	96.1691
3342	93.0905
3343	91.0776
3344	88.6084
3345	89.6533
3346	88.892
3347	89.0749
3348	93.3181
3349	95.1544
3350	91.9605
3351	87.9541
3352	90.3226
3353	87.2338
3354	86.8663
3355	90.1531
3356	87.0153
3357	88.8207
3358	85.9209
3359	83.3344
3360	83.1788
3361	86.1539
3362	84.8218
3363	86.2168
3364	88.0085
3365	90.2697
3366	88.853
3367	87.2418
3368	89.8974
3369	86.0579
3370	87.6278
3371	90.3797
3372	84.003
3373	82.718
3374	85.2737
3375	82.1524
3376	84.3843
3377	85.9194
3378	81.6259
3379	81.484
3380	81.38
3381	76.9605
3382	78.3474
3383	81.5313
3384	79.825
3385	82.507
3386	84.2743
3387	86.5065
3388	90.1658
3389	88.9873
3390	86.6458
3391	85.5536
3392	88.2355
3393	88.5463
3394	84.966
3395	90.7502
3396	90.25
3397	85.9623
3398	85.1754
3399	84.4011
3400	80.7225
3401	78.8657
3402	79.6779
3403	82.7793
3404	78.442
3405	82.1477
3406	80.3061
3407	80.2216
3408	79.3067
3409	79.3251
3410	77.9043
3411	77.8514
3412	77.1282
3413	75.2464
3414	77.9894
3415	81.3251
3416	80.2114
3417	83.5472
3418	80.928
3419	79.8056
3420	80.1053
3421	82.1363
3422	80.0975
3423	75.2585
3424	79.0556
3425	79.6151
3426	80.8222
3427	80.2726
3428	79.1988
3429	79.8082
3430	78.5115
3431	80.9557
3432	78.9995
3433	80.3297
3434	83.9372
3435	84.7144
3436	84.4091
3437	83.8505
3438	86.4394
3439	86.2717
3440	90.3366
3441	94.7434
3442	94.1888
3443	92.403
3444	93.4749
3445	94.1769
3446	92.1665
3447	91.2642
3448	88.9461
3449	91.2366
3450	96.6049
3451	94.8247
3452	92.3669
3453	92.9968
3454	93.6719
3455	91.5014
3456	90.4492
3457	96.6375
3458	95.6091
3459	91.883
3460	93.9599
3461	88.3446
3462	88.4109
3463	86.0101
3464	91.4923
3465	88.4863
3466	90.1106
3467	90.4334
3468	85.8384
3469	84.6314
3470	83.5177
3471	83.0819
3472	81.9451
3473	81.7613
3474	85.4778
3475	85.8336
3476	84.9662
3477	82.8559
3478	84.6437
3479	84.0572
3480	82.2697
3481	81.6351
3482	86.337
3483	85.4747
3484	86.0364
3485	84.1729
3486	83.1411
3487	81.9057
3488	81.9595
3489	78.0811
3490	81.1324
3491	82.3646
3492	86.0528
3493	89.5367
3494	87.7319
3495	87.4138
3496	85.4855
3497	89.0878
3498	87.9743
3499	88.2768
3500	85.5344
3501	87.7937
3502	89.7011
3503	90.3683
3504	93.8462
3505	92.4165
3506	91.4293
3507	92.1025
3508	89.5584
3509	89.7026
3510	90.6921
3511	93.5033
3512	94.1878
3513	96.5992
3514	94.2233
3515	91.4591
3516	88.3907
3517	90.1685
3518	91.7974
3519	90.5434
3520	90.6789
3521	87.6835
3522	85.053
3523	87.1317
3524	88.0679
3525	88.3033
3526	90.1237
3527	93.8874
3528	90.8114
3529	88.5014
3530	94.4929
3531	92.7428
3532	93.2651
3533	94.8312
3534	95.8391
3535	97.085
3536	97.9238
3537	99.9449
3538	97.4819
3539	96.9011
3540	94.5403
3541	96.5454
3542	99.3938
3543	96.7515
3544	103.593
3545	102.207
3546	100.149
3547	102.172
3548	100.158
3549	100.75
3550	99.6028
3551	102.503
3552	99.4485
3553	99.7868
3554	97.6704
3555	98.6626
3556	95.6932
3557	89.9068
3558	89.9405
3559	91.1901
3560	98.5546
3561	99.0823
3562	97.2269
3563	97.5731
3564	94.0163
3565	91.2926
3566	89.4684
3567	90.7818
3568	91.6191
3569	93.9168
3570	90.8437
3571	94.7047
3572	96.0761
3573	96.7577
3574	97.2701
3575	92.4774
3576	90.6673
3577	91.9377
3578	90.4772
3579	87.1977
3580	86.9239
3581	87.1401
3582	85.7307
3583	84.4491
3584	81.1544
3585	77.2242
3586	78.4464
3587	76.8225
3588	76.8062
3589	75.1702
3590	75.8725
3591	79.1286
3592	80.881
3593	80.7517
3594	82.263
3595	81.089
3596	90.0269
3597	93.6161
3598	91.9108
3599	94.1443
3600	90.5324
3601	91.7327
3602	94.2743
3603	92.6793
3604	93.586
3605	93.3195
3606	93.4153
3607	91.2767
3608	83.9825
3609	85.4097
3610	85.3762
3611	85.0373
3612	85.2919
3613	79.2199
3614	79.2019
3615	87.305
3616	91.5532
3617	92.0454
3618	91.9627
3619	92.6753
3620	96.1189
3621	98.9557
3622	101.251
3623	99.6508
3624	96.3714
3625	97.379
3626	95.1954
3627	90.4113
3628	92.1299
3629	90.7059
3630	85.7607
3631	86.2257
3632	81.4149
3633	81.5975
3634	81.8924
3635	86.4498
3636	91.1324
3637	88.8703
3638	91.146
3639	86.3907
3640	85.0498
3641	85.4189
3642	86.7008
3643	84.4608
3644	82.7292
3645	86.5588
3646	88.1227
3647	90.0851
3648	90.0326
3649	88.4274
3650	85.8338
3651	87.8971
3652	88.3132
3653	86.765
3654	88.0286
3655	87.9794
3656	90.9805
3657	85.6479
3658	89.2501
3659	89.9422
3660	91.8196
3661	91.2783
3662	96.0443
3663	93.0831
3664	87.713
3665	89.7682
3666	86.4037
3667	85.4713
3668	88.0749
3669	86.957
3670	88.9106
3671	90.7459
3672	92.869
3673	91.5842
3674	90.7165
3675	88.2319
3676	90.4923
3677	91.5102
3678	93.7313
3679	91.0942
3680	93.8558
3681	94.5444
3682	90.9056
3683	93.4332
3684	92.5241
3685	94.794
3686	94.5205
3687	93.5801
3688	90.7656
3689	92.0637
3690	89.0545
3691	88.7559
3692	86.6782
3693	84.6778
3694	87.2803
3695	85.2626
3696	83.3245
3697	81.4608
3698	80.4846
3699	78.5119
3700	76.8733
3701	70.065
3702	69.4664
3703	69.4397
3704	69.7215
3705	71.3729
3706	73.4372
3707	72.0887
3708	69.2557
3709	66.5331
3710	66.612
3711	71.5314
3712	74.4096
3713	76.1274
3714	75.6367
3715	77.3991
3716	76.8677
3717	76.8025
3718	75.0558
3719	73.0275
3720	72.4481
3721	70.455
3722	73.6789
3723	78.6081
3724	76.2133
3725	76.087
3726	75.6336
3727	73.4661
3728	71.6785
3729	67.7574
3730	68.8585
3731	68.2185
3732	66.6254
3733	61.8969
3734	59.8674
3735	60.7217
3736	57.7867
3737	53.1016
3738	51.0272
3739	46.7435
3740	44.1183
3741	47.7345
3742	44.1057
3743	45.235
3744	46.1388
3745	46.7943
3746	47.5344
3747	47.2404
3748	45.2131
3749	46.9692
3750	49.0057
3751	46.5425
3752	51.9875
3753	50.3874
3754	43.6221
3755	42.7421
3756	40.2888
3757	42.4593
3758	46.3627
3759	44.6106
3760	44.9295
3761	38.6218
3762	38.0099
3763	37.5879
3764	39.6939
3765	38.8218
3766	38.9746
3767	39.095
3768	39.1648
3769	39.2016
3770	35.0994
3771	31.9027
3772	31.1965
3773	29.8366
3774	28.8967
3775	25.425
3776	23.5987
3777	24.8735
3778	27.629
3779	26.2358
3780	30.3407
3781	30.0253
3782	29.7664
3783	27.8406
3784	26.3385
3785	24.289
3786	20.9049
3787	18.2548
3788	15.2569
3789	14.8011
3790	18.1567
3791	16.1186
3792	17.326
3793	15.4727
3794	15.9215
3795	17.1858
3796	14.4267
3797	14.1598
3798	13.9567
3799	11.9005
3800	11.2507
3801	11.7027
3802	11.0972
3803	9.66641
3804	11.4191
3805	12.7743
3806	11.944
3807	11.2855
3808	12.6727
3809	12.8016
3810	12.9362
3811	11.1034
3812	15.3302
3813	13.9215
3814	13.77
3815	14.6191
3816	13.371
3817	12.3964
3818	12.587
3819	11.789
3820	12.1161
3821	11.4195
3822	11.8293
3823	9.27416
3824	10.181
3825	7.98191
3826	6.25781
3827	5.88577
3828	4.61445
3829	5.57937
3830	5.35586
3831	5.1823
3832	5.04569
3833	3.95582
3834	4.08744
3835	3.20455
3836	2.51237
3837	2.95965
3838	2.32037
3839	1.81917
3840	2.41805
3841	1.89575
3842	1.48627
3843	1.16524
3844	1.90732
3845	1.49534
3846	1.17234
3847	0.919118
3848	1.71483
3849	1.34443
3850	1.05403
3851	0.82636
3852	1.6424
3853	1.28764
3854	1.00951
3855	0.791458
3856	0.620503
3857	0.486475
3858	0.381396
3859	1.29468
3860	1.01503
3861	1.78978
3862	2.39515
3863	1.8778
3864	1.4722
3865	1.1542
3866	1.89852
3867	3.46512
3868	2.71666
3869	2.12986
3870	1.66981
3871	2.30139
3872	1.80429
3873	1.41456
3874	1.10902
3875	0.86947
3876	0.681665
3877	0.534425
3878	0.418989
3879	0.328488
3880	0.257534
3881	0.201907
3882	0.158295
3883	0.124103
