# Tempo	Potencial
0	137.976
1	134.046
2	127.646
3	118.33
4	110.243
5	104.277
6	99.6352
7	97.3483
8	96.9445
9	95.3987
10	97.8965
11	98.7865
12	98.4732
13	102.33
14	101.971
15	100.761
16	102.788
17	99.8186
18	97.3497
19	93.5579
20	94.2223
21	95.398
22	96.5486
23	91.9178
24	91.957
25	92.1827
26	90.893
27	93.9686
28	95.5278
29	96.1227
30	97.7442
31	101.102
32	102.426
33	102.405
34	103.26
35	96.5916
36	94.0756
37	96.4564
38	95.1613
39	93.9995
40	96.5076
41	92.8383
42	94.6929
43	92.9377
44	94.2562
45	92.0265
46	91.2137
47	89.6386
48	93.7482
49	97.8593
50	95.395
51	100.62
52	98.5156
53	97.8727
54	98.0027
55	97.8974
56	96.8018
57	96.1715
58	97.2844
59	95.9521
60	92.7641
61	94.831
62	92.6077
63	87.2357
64	88.704
65	83.0682
66	83.133
67	81.1794
68	80.3038
69	83.6908
70	83.664
71	85.3943
72	84.4938
73	84.1576
74	85.0354
75	86.3219
76	90.147
77	96.0701
78	95.0309
79	94.0025
80	89.2934
81	90.8376
82	95.9545
83	95.0957
84	92.2523
85	93.1692
86	97.245
87	100.283
88	97.503
89	93.4958
90	90.8172
91	94.3576
92	94.3396
93	94.1352
94	96.4433
95	97.5212
96	96.0334
97	95.0832
98	98.5382
99	95.8108
100	94.9762
101	96.1791
102	95.9027
103	93.0012
104	90.9753
105	89.7557
106	92.528
107	92.0816
108	92.2594
109	93.7447
110	95.0582
111	95.1651
112	94.2953
113	94.1512
114	93.1914
115	93.0383
116	92.8726
117	95.3257
118	92.3912
119	92.6912
120	96.4197
121	97.2752
122	98.0049
123	99.1859
124	100.701
125	99.5969
126	98.8199
127	95.6443
128	92.3831
129	89.4817
130	95.9698
131	98.6007
132	96.1272
133	94.4517
134	95.8373
135	96.1958
136	98.1755
137	100.647
138	99.985
139	100.195
140	96.9606
141	95.2815
142	93.2369
143	95.8163
144	97.58
145	97.3357
146	96.4812
147	96.7722
148	100.57
149	98.5132
150	98.7987
151	95.8711
152	93.266
153	95.7061
154	96.0844
155	91.681
156	92.7344
157	92.0548
158	90.0338
159	86.7206
160	84.2383
161	86.7221
162	86.594
163	85.8243
164	89.9321
165	92.8856
166	95.2359
167	95.9527
168	97.5534
169	101.75
170	102.267
171	102.17
172	101.394
173	96.5202
174	96.727
175	96.1681
176	95.8263
177	94.9953
178	95.824
179	99.3255
180	98.0525
181	100.869
182	104.275
183	104.223
184	100.481
185	100.176
186	97.9321
187	93.7669
188	91.7805
189	90.364
190	92.7723
191	92.163
192	85.8639
193	86.4255
194	86.6013
195	85.9318
196	88.4428
197	88.5857
198	91.4269
199	87.1296
200	84.8486
201	82.8205
202	86.5497
203	87.5132
204	84.789
205	87.664
206	87.8749
207	88.0354
208	91.0643
209	93.6737
210	89.4352
211	87.7892
212	87.7198
213	85.0787
214	82.2124
215	83.054
216	79.703
217	74.624
218	77.818
219	81.2663
220	80.3917
221	84.7114
222	82.9959
223	83.8621
224	87.7859
225	88.1506
226	87.924
227	86.6223
228	88.3138
229	87.0017
230	90.0535
231	92.9273
232	94.333
233	98.3461
234	99.765
235	95.5514
236	92.0032
237	93.8316
238	90.1147
239	91.4639
240	90.9282
241	88.9789
242	89.151
243	91.7917
244	96.2014
245	93.4852
246	93.4163
247	95.9986
248	90.3943
249	90.4727
250	94.5749
251	94.7395
252	97.0347
253	98.2178
254	99.9573
255	99.9143
256	99.2421
257	96.4059
258	97.3973
259	97.3593
260	95.6176
261	96.4004
262	91.5446
263	93.383
264	93.3293
265	97.9953
266	93.26
267	95.4087
268	91.7612
269	90.9613
270	89.0285
271	89.6632
272	92.7667
273	91.5318
274	90.594
275	89.305
276	87.872
277	90.3801
278	89.767
279	87.9309
280	91.9143
281	94.4285
282	90.8624
283	87.3534
284	85.9249
285	90.4599
286	87.6709
287	87.5384
288	85.0706
289	86.7778
290	86.7339
291	87.4879
292	87.4212
293	86.8678
294	87.6337
295	86.3855
296	87.2708
297	86.7469
298	83.0398
299	84.8478
300	86.176
301	82.757
302	83.65
303	81.5102
304	87.9152
305	87.0546
306	86.034
307	85.189
308	89.2974
309	88.1397
310	85.7734
311	84.9186
312	86.4009
313	86.9301
314	84.1014
315	84.6598
316	88.4643
317	90.0765
318	87.6955
319	85.2646
320	89.4983
321	93.2614
322	95.3637
323	91.3802
324	94.6628
325	98.3424
326	101.197
327	100.82
328	97.8762
329	98.8794
330	96.7922
331	97.402
332	89.2242
333	90.2412
334	87.3062
335	89.1568
336	86.3364
337	87.1134
338	89.8896
339	87.9102
340	87.5229
341	88.1092
342	84.911
343	84.9131
344	86.2769
345	86.4856
346	88.0943
347	89.9276
348	89.7696
349	92.223
350	95.1944
351	95.9501
352	96.1956
353	96.9895
354	94.8917
355	94.1001
356	95.8299
357	96.27
358	91.5659
359	89.0524
360	88.9107
361	87.9821
362	90.9282
363	88.5269
364	84.6286
365	80.8593
366	83.7405
367	79.5799
368	82.8219
369	84.049
370	81.7044
371	83.8906
372	83.463
373	81.4966
374	79.4391
375	78.3149
376	80.9424
377	85.5066
378	83.0736
379	85.6874
380	83.3477
381	86.0676
382	81.8915
383	83.9018
384	87.7571
385	85.4498
386	85.2434
387	89.3598
388	85.3565
389	84.7638
390	87.9982
391	85.3558
392	84.8741
393	89.4985
394	88.9981
395	89.9176
396	91.2601
397	94.5318
398	93.6957
399	93.7842
400	90.4762
401	92.7588
402	93.2418
403	93.4798
404	92.0634
405	94.5701
406	92.5475
407	91.9415
408	91.2303
409	93.1761
410	95.695
411	97.8259
412	93.9528
413	92.9971
414	94.3632
415	94.0167
416	93.8503
417	94.6129
418	93.272
419	90.2254
420	93.2331
421	89.2447
422	89.7098
423	88.8367
424	87.7598
425	86.8678
426	87.9497
427	86.7687
428	87.7514
429	90.8074
430	91.7392
431	96.5972
432	95.1003
433	99.3381
434	96.6298
435	95.7597
436	98.1426
437	96.2971
438	94.0554
439	96.3629
440	97.2488
441	94.4535
442	91.1725
443	94.8413
444	96.2971
445	96.7445
446	92.7881
447	97.2834
448	98.0594
449	95.4652
450	93.7835
451	88.2511
452	92.1493
453	89.7749
454	88.582
455	91.1197
456	92.3378
457	96.74
458	95.9936
459	94.1036
460	93.1494
461	90.1721
462	90.7718
463	89.481
464	92.9723
465	93.6499
466	91.1762
467	90.9756
468	95.6403
469	95.2188
470	99.8757
471	95.0812
472	89.4261
473	89.7984
474	93.6948
475	94.3422
476	95.4886
477	96.6493
478	94.2632
479	94.9146
480	93.5346
481	92.2432
482	87.4103
483	89.4986
484	90.6529
485	93.4235
486	92.5624
487	91.0752
488	90.0161
489	93.8582
490	94.2298
491	94.8992
492	97.0841
493	96.9257
494	95.007
495	93.9116
496	91.7653
497	92.0481
498	94.0715
499	95.5852
500	89.1309
501	88.5726
502	82.264
503	88.4149
504	92.0009
505	90.898
506	91.8498
507	91.7076
508	91.6917
509	91.7069
510	93.5731
511	91.3248
512	87.1187
513	82.8261
514	87.6919
515	84.1532
516	85.4446
517	86.4097
518	86.1657
519	83.2998
520	82.426
521	87.2088
522	85.3247
523	83.1538
524	87.2706
525	85.6312
526	82.8802
527	80.7984
528	82.8587
529	81.5608
530	75.5113
531	73.5314
532	74.9147
533	78.7945
534	79.3807
535	76.5227
536	76.9467
537	77.7926
538	79.2631
539	77.688
540	82.0151
541	79.2327
542	81.0519
543	81.0243
544	81.1157
545	83.4594
546	85.7794
547	83.7203
548	86.7032
549	88.5822
550	89.6761
551	92.2551
552	91.9912
553	90.4753
554	93.8376
555	93.4017
556	93.3612
557	97.3782
558	99.4639
559	100.998
560	101.002
561	96.4582
562	95.7659
563	94.3541
564	95.5727
565	95.5012
566	94.5802
567	95.2784
568	95.8302
569	97.6341
570	97.3987
571	95.3335
572	93.6331
573	96.7244
574	95.9434
575	90.7249
576	88.1279
577	90.4588
578	94.1672
579	91.2507
580	93.0748
581	94.9201
582	94.4007
583	93.2859
584	95.5579
585	98.8247
586	101.212
587	101.705
588	98.2107
589	94.9433
590	94.7501
591	94.4965
592	95.3638
593	96.7818
594	91.4203
595	90.352
596	85.9119
597	86.4105
598	87.7699
599	91.3672
600	93.667
601	95.2851
602	95.8653
603	95.1606
604	96.3254
605	96.606
606	93.7862
607	92.4093
608	92.7981
609	96.2521
610	97.0353
611	96.986
612	97.0411
613	98.9047
614	97.8663
615	96.9543
616	97.4672
617	95.0093
618	96.1736
619	96.493
620	99.0935
621	96.2719
622	93.0036
623	95.6462
624	96.6624
625	95.4244
626	95.3679
627	94.6598
628	96.684
629	97.3952
630	97.9341
631	101.305
632	101.478
633	98.0055
634	96.702
635	98.8447
636	96.4555
637	92.6975
638	94.982
639	90.0592
640	92.0131
641	88.1526
642	87.5146
643	89.361
644	91.4436
645	90.8913
646	91.2526
647	89.4774
648	90.5446
649	86.976
650	88.1185
651	91.3612
652	93.9178
653	89.4071
654	88.0248
655	85.6757
656	84.5418
657	82.7228
658	82.6755
659	83.1327
660	84.7598
661	86.0902
662	90.2382
663	90.2218
664	87.0676
665	87.7929
666	86.9113
667	91.0127
668	93.8117
669	92.9934
670	93.394
671	96.0335
672	98.0717
673	96.8755
674	97.1482
675	97.3746
676	95.1111
677	93.1066
678	90.3902
679	91.3325
680	90.8397
681	92.8993
682	92.4428
683	93.3931
684	96.2584
685	97.94
686	96.998
687	93.5149
688	93.5444
689	93.2219
690	94.2091
691	95.7485
692	93.2608
693	90.2751
694	92.5947
695	92.0529
696	93.4018
697	89.8964
698	85.879
699	85.5969
700	90.104
701	86.3115
702	81.749
703	82.4739
704	83.4072
705	85.5829
706	87.9201
707	85.1055
708	84.2079
709	89.0961
710	90.0676
711	90.3141
712	85.5498
713	85.2077
714	85.1465
715	88.8054
716	88.9472
717	94.6735
718	89.4658
719	92.0704
720	90.2251
721	85.8746
722	88.9492
723	93.0422
724	95.0476
725	93.9022
726	88.6602
727	83.4238
728	82.9341
729	88.1798
730	88.8048
731	92.3813
732	89.587
733	90.0465
734	85.4884
735	88.1548
736	83.9547
737	84.61
738	84.9859
739	85.9497
740	86.285
741	84.2644
742	85.5544
743	83.31
744	86.0097
745	84.3378
746	89.7992
747	86.9697
748	82.9399
749	85.266
750	85.8928
751	83.1604
752	80.9359
753	85.731
754	88.2849
755	91.031
756	92.3283
757	92.283
758	92.2502
759	92.1092
760	90.7338
761	90.1642
762	85.9711
763	83.2429
764	85.9449
765	92.4234
766	94.7334
767	96.6122
768	93.8945
769	95.8123
770	96.1789
771	96.538
772	96.671
773	94.5413
774	95.3781
775	93.7371
776	96.1615
777	97.329
778	97.848
779	96.4019
780	96.1918
781	94.1585
782	95.5125
783	97.4777
784	94.5748
785	91.1548
786	87.6798
787	93.0364
788	91.4299
789	92.6678
790	96.7065
791	96.1414
792	92.0717
793	95.4492
794	92.1563
795	95.2856
796	95.7602
797	97.205
798	100.719
799	97.8979
800	97.5759
801	98.1033
802	97.1111
803	94.3383
804	93.1822
805	94.509
806	96.1326
807	98.4919
808	100.448
809	99.3366
810	98.6689
811	95.4545
812	94.3172
813	92.1421
814	92.9527
815	94.6336
816	93.2223
817	95.8509
818	93.9306
819	97.018
820	101.172
821	100.258
822	98.336
823	94.9338
824	95.088
825	95.0634
826	90.1446
827	93.0215
828	89.5078
829	90.9636
830	93.974
831	93.6598
832	95.6262
833	96.4445
834	99.3584
835	102.464
836	100.844
837	99.7772
838	98.5974
839	96.3523
840	94.2393
841	92.1893
842	88.6832
843	90.8887
844	93.1958
845	91.3914
846	88.2082
847	85.8843
848	82.9382
849	83.4882
850	82.9338
851	84.9672
852	86.756
853	84.1748
854	82.3671
855	83.3662
856	85.2271
857	86.368
858	87.3789
859	91.5539
860	91.167
861	90.0887
862	88.3805
863	83.8092
864	83.3349
865	85.4793
866	82.1138
867	81.0764
868	78.8958
869	77.0101
870	73.4247
871	71.8619
872	67.5562
873	65.2875
874	69.7898
875	73.9633
876	76.4788
877	82.5738
878	87.5683
879	94.7243
880	95.9438
881	94.3483
882	96.9136
883	95.5026
884	94.7005
885	88.5396
886	89.1595
887	90.4595
888	88.8714
889	84.7345
890	86.4914
891	91.3408
892	93.109
893	88.5673
894	90.4307
895	91.4083
896	93.8345
897	91.96
898	91.2986
899	87.2282
900	81.2978
901	78.9926
902	81.1982
903	78.6297
904	79.2197
905	80.3848
906	78.7729
907	82.8141
908	83.4306
909	82.7435
910	84.397
911	81.9804
912	81.9485
913	82.1726
914	83.5301
915	86.5974
916	86.3147
917	84.2702
918	85.054
919	84.3763
920	85.8925
921	91.2299
922	95.0715
923	94.0099
924	94.4387
925	94.0174
926	90.6938
927	92.4814
928	89.8197
929	88.6217
930	91.2286
931	93.4422
932	96.6191
933	98.4731
934	95.398
935	95.2087
936	97.8258
937	96.2889
938	97.2083
939	97.8839
940	99.5829
941	97.827
942	98.0147
943	94.7434
944	93.182
945	93.0317
946	93.5121
947	93.0966
948	90.2109
949	92.811
950	91.801
951	92.8502
952	94.043
953	95.8102
954	95.8784
955	95.7846
956	89.4478
957	90.1699
958	89.0746
959	93.4619
960	95.727
961	94.1257
962	93.9887
963	93.8125
964	93.7658
965	94.3573
966	95.378
967	93.43
968	95.5375
969	92.4424
970	93.5416
971	93.9444
972	96.3636
973	98.6574
974	95.1205
975	93.2503
976	91.1549
977	92.6108
978	90.4964
979	84.1286
980	84.8028
981	89.5688
982	89.2134
983	86.1692
984	92.1637
985	90.6839
986	89.9424
987	90.1733
988	92.9647
989	93.0025
990	96.9603
991	96.0963
992	95.782
993	98.3049
994	96.7258
995	96.233
996	98.3395
997	95.7252
998	96.527
999	93.9209
1000	93.0754
1001	94.6643
1002	97.2284
1003	96.4161
1004	95.7419
1005	95.0626
1006	94.8927
1007	97.2324
1008	95.0044
1009	93.7408
1010	94.7002
1011	93.2367
1012	93.2248
1013	93.4247
1014	94.3409
1015	94.2649
1016	96.5816
1017	91.2079
1018	92.2829
1019	88.7244
1020	89.4059
1021	89.4143
1022	88.3862
1023	89.6889
1024	89.8927
1025	91.1318
1026	94.8948
1027	94.8216
1028	92.5393
1029	89.2873
1030	90.2932
1031	93.4708
1032	93.3495
1033	90.4892
1034	87.9227
1035	86.6945
1036	80.6789
1037	81.1692
1038	82.9702
1039	81.3406
1040	80.8194
1041	79.6319
1042	85.0332
1043	84.0876
1044	85.6562
1045	83.5887
1046	79.9183
1047	82.0977
1048	88.0287
1049	89.9009
1050	90.0162
1051	89.0425
1052	89.4939
1053	90.6772
1054	88.7426
1055	90.4179
1056	89.8291
1057	88.3309
1058	90.2068
1059	86.8598
1060	94.0819
1061	96.0409
1062	96.9755
1063	95.7191
1064	93.9627
1065	95.339
1066	93.709
1067	95.3629
1068	88.7292
1069	91.0554
1070	95.1281
1071	94.0966
1072	98.0013
1073	95.2749
1074	93.7588
1075	94.5229
1076	97.3347
1077	96.3218
1078	97.4469
1079	98.51
1080	93.2439
1081	90.4292
1082	88.5131
1083	87.5085
1084	85.2614
1085	81.9343
1086	87.0665
1087	86.3441
1088	89.71
1089	93.0548
1090	91.6051
1091	93.8892
1092	91.8098
1093	94.5165
1094	93.9704
1095	93.5103
1096	92.4299
1097	92.0324
1098	90.5091
1099	95.9693
1100	98.3639
1101	99.8087
1102	98.2259
1103	93.9988
1104	92.9858
1105	94.5245
1106	95.4518
1107	94.7099
1108	95.4497
1109	98.6847
1110	99.6544
1111	97.928
1112	93.1358
1113	95.1693
1114	93.2745
1115	88.6323
1116	86.3758
1117	86.1644
1118	84.3775
1119	86.2723
1120	84.3497
1121	83.9504
1122	82.9052
1123	85.6684
1124	86.2407
1125	84.6547
1126	83.1598
1127	79.8561
1128	81.4349
1129	82.2657
1130	80.7961
1131	83.668
1132	84.1536
1133	84.8841
1134	86.0159
1135	83.804
1136	85.5485
1137	82.8435
1138	86.0546
1139	88.2299
1140	92.4017
1141	91.7822
1142	89.5513
1143	88.0582
1144	89.4036
1145	92.037
1146	90.9779
1147	87.7403
1148	90.7243
1149	92.7607
1150	91.781
1151	88.5762
1152	88.2719
1153	90.7351
1154	89.0001
1155	90.9932
1156	90.1403
1157	93.1512
1158	90.96
1159	91.6863
1160	92.2101
1161	88.1745
1162	88.0702
1163	86.9328
1164	88.6905
1165	89.6688
1166	89.5035
1167	90.1725
1168	90.6807
1169	91.6879
1170	91.9771
1171	88.669
1172	89.4184
1173	91.6133
1174	96.5973
1175	98.0996
1176	97.9131
1177	95.9951
1178	97.7823
1179	93.4832
1180	94.1298
1181	91.7246
1182	96.1906
1183	92.8683
1184	94.1714
1185	91.8871
1186	91.0177
1187	89.4741
1188	89.4606
1189	90.3245
1190	89.1282
1191	88.9447
1192	87.1003
1193	84.3438
1194	86.3453
1195	87.5164
1196	90.3402
1197	90.5496
1198	91.4724
1199	96.189
1200	98.7129
1201	97.1489
1202	95.4753
1203	97.9689
1204	94.4618
1205	91.7165
1206	89.964
1207	89.7224
1208	88.7802
1209	90.9652
1210	90.2743
1211	87.7694
1212	89.7797
1213	92.2445
1214	92.6542
1215	89.3625
1216	89.7341
1217	88.8713
1218	93.7762
1219	95.2013
1220	97.2316
1221	99.1471
1222	98.7297
1223	98.3474
1224	97.6179
1225	98.0448
1226	95.9899
1227	97.193
1228	94.2917
1229	93.3801
1230	96.4592
1231	94.3167
1232	95.603
1233	94.381
1234	97.9056
1235	96.9329
1236	93.2799
1237	88.5396
1238	91.1219
1239	91.2575
1240	89.6289
1241	84.8717
1242	87.8472
1243	85.5453
1244	87.6646
1245	91.6015
1246	90.9826
1247	91.6793
1248	91.826
1249	92.3517
1250	93.213
1251	96.1096
1252	94.6471
1253	91.6695
1254	92.029
1255	89.7924
1256	88.1954
1257	88.4104
1258	88.3994
1259	90.2958
1260	87.3631
1261	85.9269
1262	82.8726
1263	78.4956
1264	80.7118
1265	80.9631
1266	83.0421
1267	78.2692
1268	76.69
1269	80.7944
1270	81.8809
1271	87.1795
1272	88.3423
1273	90.424
1274	90.1279
1275	90.1134
1276	89.8553
1277	88.8187
1278	88.6837
1279	88.1819
1280	86.1466
1281	81.4717
1282	85.5149
1283	83.0016
1284	85.168
1285	89.1527
1286	90.311
1287	91.614
1288	96.2927
1289	94.9516
1290	93.8192
1291	97.519
1292	93.9901
1293	91.9114
1294	92.6776
1295	88.7856
1296	86.8341
1297	86.9726
1298	84.4317
1299	80.8286
1300	81.9442
1301	81.1437
1302	86.8283
1303	85.8063
1304	89.0865
1305	91.1773
1306	91.4254
1307	94.4893
1308	96.2603
1309	95.1796
1310	98.8646
1311	94.2037
1312	95.6979
1313	94.3734
1314	90.0944
1315	87.0888
1316	94.0413
1317	94.7286
1318	96.396
1319	96.4515
1320	92.0863
1321	90.8016
1322	87.6596
1323	88.1232
1324	87.2327
1325	90.2753
1326	90.5755
1327	92.1873
1328	86.7895
1329	87.4064
1330	89.2763
1331	89.2166
1332	89.6097
1333	90.4634
1334	87.4599
1335	87.1863
1336	83.9965
1337	84.8577
1338	82.7954
1339	81.9838
1340	79.3435
1341	78.7849
1342	77.3383
1343	75.7452
1344	73.9801
1345	72.9293
1346	73.5367
1347	77.4428
1348	74.8154
1349	79.384
1350	79.2027
1351	80.8353
1352	82.2071
1353	81.4715
1354	78.1837
1355	84.742
1356	83.6696
1357	83.0334
1358	85.5502
1359	90.3312
1360	90.5426
1361	92.2514
1362	91.7344
1363	92.1221
1364	91.3301
1365	88.761
1366	86.1638
1367	87.0706
1368	87.728
1369	90.0304
1370	88.9666
1371	87.1731
1372	87.1002
1373	90.5189
1374	91.171
1375	93.363
1376	94.4748
1377	90.8134
1378	88.463
1379	89.6781
1380	90.0069
1381	84.8151
1382	84.0578
1383	87.556
1384	85.2018
1385	88.8403
1386	89.234
1387	89.4216
1388	88.602
1389	92.6849
1390	94.2903
1391	89.0678
1392	92.7093
1393	90.7043
1394	92.0353
1395	88.9778
1396	91.0795
1397	92.8162
1398	91.3671
1399	86.2904
1400	85.3427
1401	85.3985
1402	88.3273
1403	90.7749
1404	94.6931
1405	98.0696
1406	95.2
1407	99.2237
1408	96.3013
1409	99.3435
1410	97.9283
1411	95.9915
1412	93.5962
1413	94.905
1414	92.8077
1415	90.9266
1416	86.371
1417	85.0956
1418	86.7166
1419	91.3312
1420	91.0142
1421	91.1603
1422	94.4684
1423	95.8395
1424	102.185
1425	101.89
1426	100.58
1427	98.0276
1428	98.0482
1429	94.958
1430	92.4862
1431	90.8291
1432	93.9138
1433	90.5759
1434	90.5694
1435	92.4461
1436	89.9288
1437	95.486
1438	94.8148
1439	96.3958
1440	97.3645
1441	96.2978
1442	90.6418
1443	97.4239
1444	98.5527
1445	99.9818
1446	101.179
1447	103.596
1448	99.5846
1449	97.2236
1450	99.8153
1451	97.7008
1452	96.3044
1453	96.6842
1454	99.8246
1455	96.7092
1456	97.2957
1457	99.4268
1458	96.7829
1459	100.144
1460	99.036
1461	100.206
1462	99.0535
1463	98.5051
1464	97.3124
1465	96.4145
1466	95.4537
1467	94.071
1468	94.3081
1469	93.3089
1470	90.1719
1471	89.2352
1472	88.6675
1473	88.592
1474	88.7411
1475	87.8861
1476	91.363
1477	92.5944
1478	91.52
1479	90.8297
1480	97.8724
1481	103.112
1482	103.746
1483	100.975
1484	103.709
1485	102.816
1486	96.9754
1487	97.9124
1488	97.1447
1489	96.9258
1490	91.3123
1491	93.8574
1492	93.5765
1493	93.7555
1494	92.0102
1495	92.6789
1496	93.5226
1497	90.3929
1498	93.6517
1499	98.4806
1500	99.2908
1501	99.6969
1502	95.946
1503	97.0764
1504	92.7502
1505	92.8583
1506	93.4035
1507	91.3291
1508	90.0568
1509	92.4164
1510	93.32
1511	96.6408
1512	96.3907
1513	97.4963
1514	97.2153
1515	98.1458
1516	93.948
1517	95.4655
1518	92.6877
1519	90.8543
1520	90.9862
1521	90.5772
1522	88.415
1523	90.2124
1524	88.0779
1525	86.8726
1526	85.5238
1527	85.9512
1528	86.001
1529	84.4091
1530	84.6725
1531	84.1609
1532	86.7381
1533	89.1666
1534	90.2761
1535	90.924
1536	88.1211
1537	85.9244
1538	83.6821
1539	85.8311
1540	85.4178
1541	84.3771
1542	88.3696
1543	90.3025
1544	83.6346
1545	87.0182
1546	84.4276
1547	81.3118
1548	82.3213
1549	82.0312
1550	87.6195
1551	86.5589
1552	90.5009
1553	94.5509
1554	94.99
1555	94.6048
1556	91.2213
1557	94.8163
1558	94.2796
1559	92.0958
1560	92.3306
1561	95.3953
1562	94.8668
1563	95.3771
1564	100.267
1565	95.486
1566	92.6372
1567	91.7481
1568	88.1922
1569	85.8721
1570	83.7251
1571	88.1289
1572	87.1096
1573	84.8853
1574	86.2527
1575	84.8829
1576	86.815
1577	84.928
1578	89.9368
1579	89.5312
1580	91.8503
1581	94.0577
1582	92.3218
1583	94.4319
1584	97.7012
1585	94.1258
1586	97.5887
1587	95.2501
1588	94.9636
1589	98.621
1590	92.9643
1591	95.3555
1592	94.4131
1593	92.3533
1594	94.0879
1595	92.009
1596	95.0332
1597	94.3307
1598	91.2462
1599	91.7765
1600	92.0863
1601	86.9528
1602	85.9288
1603	86.6392
1604	84.6759
1605	87.6861
1606	94.2196
1607	98.7171
1608	99.0911
1609	97.7748
1610	94.9889
1611	93.5237
1612	91.7689
1613	90.4795
1614	92.493
1615	91.3976
1616	91.0826
1617	89.4006
1618	87.6731
1619	91.9677
1620	92.5254
1621	93.8501
1622	93.356
1623	94.4068
1624	98.5236
1625	101.243
1626	98.1639
1627	97.2767
1628	98.9041
1629	99.8849
1630	99.5371
1631	101.113
1632	101.12
1633	98.7886
1634	96.0638
1635	94.6774
1636	94.9472
1637	94.2484
1638	93.7225
1639	90.7077
1640	93.5964
1641	95.7257
1642	97.6342
1643	97.2375
1644	95.6303
1645	95.9219
1646	97.0436
1647	95.6373
1648	95.3505
1649	90.0161
1650	89.3572
1651	87.9969
1652	86.1586
1653	84.9403
1654	87.1125
1655	83.0108
1656	85.3878
1657	88.5025
1658	87.5757
1659	87.1775
1660	87.4548
1661	93.208
1662	94.7855
1663	91.3397
1664	93.1447
1665	98.9873
1666	100.37
1667	96.6385
1668	99.5078
1669	96.9961
1670	95.4216
1671	92.7896
1672	90.6171
1673	94.7927
1674	95.2541
1675	97.9044
1676	98.5982
1677	97.1226
1678	97.9056
1679	94.592
1680	97.7711
1681	101.852
1682	101.213
1683	100.096
1684	100.112
1685	100.781
1686	98.0494
1687	96.9233
1688	97.9783
1689	100.617
1690	101.461
1691	100.527
1692	100.321
1693	95.3784
1694	92.7665
1695	98.0746
1696	94.7126
1697	96.1336
1698	94.4899
1699	96.4576
1700	96.2856
1701	94.5361
1702	95.0956
1703	94.7745
1704	96.9116
1705	96.913
1706	97.6463
1707	94.7263
1708	97.5495
1709	96.9926
1710	95.9202
1711	96.485
1712	96.0742
1713	95.9753
1714	96.4595
1715	98.8515
1716	94.4398
1717	92.1647
1718	91.063
1719	92.2258
1720	91.9476
1721	93.2217
1722	94.3674
1723	92.4896
1724	88.8204
1725	91.9253
1726	92.931
1727	93.0845
1728	92.2672
1729	93.8194
1730	95.2121
1731	96.8262
1732	97.6187
1733	99.8947
1734	102.272
1735	102.653
1736	100.219
1737	97.2536
1738	92.6844
1739	94.3507
1740	96.798
1741	98.1027
1742	97.8628
1743	99.9675
1744	98.8537
1745	96.6905
1746	97.035
1747	97.2433
1748	96.161
1749	96.2903
1750	98.7328
1751	98.0467
1752	100.994
1753	100.608
1754	100.945
1755	98.0089
1756	94.6992
1757	98.3883
1758	97.143
1759	96.709
1760	95.9679
1761	94.0891
1762	93.2299
1763	93.2526
1764	93.3215
1765	97.3776
1766	95.1916
1767	97.1959
1768	96.0788
1769	98.5782
1770	97.0443
1771	99.7833
1772	98.0179
1773	94.886
1774	93.8277
1775	93.6214
1776	95.9566
1777	99.8209
1778	100.264
1779	98.0172
1780	100.746
1781	99.7596
1782	99.4685
1783	101.118
1784	101.532
1785	99.3948
1786	93.6867
1787	94.4489
1788	96.4359
1789	97.4484
1790	95.4787
1791	95.8955
1792	92.6386
1793	92.5557
1794	93.8161
1795	97.7422
1796	98.2208
1797	97.4503
1798	96.3922
1799	92.3903
1800	90.8067
1801	88.3346
1802	89.6152
1803	92.3856
1804	94.0104
1805	91.3845
1806	90.2758
1807	91.9081
1808	94.6419
1809	94.0328
1810	93.2153
1811	93.0571
1812	90.7382
1813	94.4675
1814	97.4912
1815	101.39
1816	99.5154
1817	97.5964
1818	96.0332
1819	92.0943
1820	91.7101
1821	93.1152
1822	90.5966
1823	92.4421
1824	90.5884
1825	89.035
1826	86.8988
1827	86.3244
1828	85.3325
1829	81.7002
1830	85.6424
1831	86.6592
1832	90.1582
1833	90.8591
1834	88.7153
1835	87.7677
1836	86.5541
1837	86.5463
1838	87.2911
1839	83.0528
1840	85.8249
1841	83.8963
1842	84.6643
1843	86.9221
1844	88.0048
1845	89.5269
1846	91.7788
1847	92.5061
1848	92.5944
1849	94.7909
1850	94.4921
1851	94.8828
1852	94.9708
1853	95.8657
1854	94.1834
1855	91.049
1856	91.1116
1857	91.2431
1858	95.4134
1859	93.087
1860	95.3883
1861	96.1395
1862	90.9614
1863	93.2267
1864	96.4347
1865	94.2654
1866	96.9305
1867	95.1645
1868	92.815
1869	98.0209
1870	99.3944
1871	94.7098
1872	89.9188
1873	89.315
1874	88.3669
1875	91.7432
1876	92.5867
1877	91.541
1878	95.8173
1879	96.2401
1880	95.4331
1881	96.5272
1882	96.0031
1883	99.8813
1884	100.032
1885	99.5498
1886	99.3321
1887	100.649
1888	99.438
1889	97.3798
1890	100.391
1891	100.957
1892	98.4726
1893	98.4635
1894	96.8632
1895	91.3265
1896	89.7953
1897	89.2093
1898	91.1787
1899	92.3461
1900	94.0338
1901	95.8282
1902	95.7926
1903	94.3358
1904	94.9739
1905	88.8993
1906	88.6955
1907	88.6162
1908	87.0045
1909	85.46
1910	87.8033
1911	87.046
1912	91.8225
1913	92.796
1914	93.8561
1915	93.9567
1916	97.1739
1917	99.5376
1918	96.9396
1919	96.8779
1920	96.7892
1921	94.8045
1922	94.0438
1923	91.5339
1924	92.9642
1925	94.4912
1926	97.9283
1927	95.1304
1928	95.8269
1929	97.5792
1930	100.169
1931	99.2792
1932	98.0955
1933	101.472
1934	102.397
1935	100.035
1936	96.558
1937	98.169
1938	92.5544
1939	92.9384
1940	90.7709
1941	91.281
1942	90.7114
1943	92.2999
1944	94.6984
1945	99.4499
1946	96.4905
1947	96.9181
1948	98.9517
1949	96.7593
1950	94.6985
1951	97.5195
1952	98.5138
1953	95.8575
1954	94.3249
1955	91.0666
1956	90.3523
1957	93.1446
1958	93.2526
1959	95.9171
1960	101.3
1961	101.431
1962	99.4929
1963	96.5529
1964	94.6405
1965	92.5876
1966	93.5635
1967	95.245
1968	94.2117
1969	88.9384
1970	89.9797
1971	88.0922
1972	85.8807
1973	85.979
1974	89.5503
1975	87.4653
1976	85.7508
1977	81.5434
1978	82.2021
1979	81.0574
1980	82.927
1981	87.0926
1982	88.8371
1983	91.3387
1984	91.6501
1985	93.4801
1986	92.1032
1987	93.1431
1988	92.7233
1989	94.3521
1990	96.4656
1991	94.5407
1992	93.6333
1993	94.0332
1994	97.3479
1995	95.467
1996	95.9838
1997	98.2556
1998	94.3105
1999	92.9912
2000	95.7883
2001	95.4586
2002	94.2664
2003	96.7959
2004	91.8617
2005	95.4558
2006	93.7924
2007	91.6791
2008	91.002
2009	89.38
2010	90.2782
2011	91.328
2012	89.2251
2013	88.5093
2014	86.4466
2015	85.4846
2016	82.6053
2017	84.3197
2018	86.1657
2019	88.7552
2020	88.3188
2021	84.3734
2022	80.6171
2023	80.5866
2024	81.2563
2025	80.41
2026	76.2078
2027	77.8985
2028	77.3717
2029	80.8729
2030	83.5081
2031	83.7124
2032	84.7403
2033	84.126
2034	83.2985
2035	83.6975
2036	79.5491
2037	79.1759
2038	80.4244
2039	81.5924
2040	86.882
2041	85.6869
2042	85.8631
2043	89.5444
2044	88.3822
2045	90.8001
2046	89.2376
2047	88.7177
2048	93.7855
2049	99.3702
2050	99.8836
2051	99.9988
2052	101.229
2053	96.498
2054	98.6611
2055	97.3697
2056	99.565
2057	99.1115
2058	96.803
2059	92.9922
2060	94.5052
2061	97.6244
2062	99.2832
2063	97.6729
2064	98.5011
2065	96.1571
2066	93.1745
2067	93.9515
2068	88.7019
2069	91.5945
2070	93.5612
2071	90.8594
2072	88.2133
2073	89.8943
2074	91.8218
2075	92.5643
2076	93.4656
2077	90.9141
2078	93.1304
2079	94.2917
2080	92.9083
2081	95.7949
2082	98.04
2083	102.544
2084	102.58
2085	103.679
2086	102.816
2087	101.866
2088	97.0738
2089	94.6548
2090	93.3837
2091	91.5844
2092	92.7247
2093	91.1537
2094	92.1814
2095	94.5703
2096	92.7982
2097	94.7301
2098	94.4777
2099	96.3214
2100	96.8219
2101	94.729
2102	92.0948
2103	93.2721
2104	94.1612
2105	91.9957
2106	93.7168
2107	91.0549
2108	91.5274
2109	93.3008
2110	93.541
2111	90.3368
2112	90.9366
2113	95.1612
2114	97.8637
2115	96.617
2116	99.2098
2117	97.0072
2118	95.6766
2119	96.3201
2120	93.3266
2121	89.9756
2122	93.2583
2123	92.4436
2124	90.9823
2125	92.4079
2126	93.0747
2127	97.0609
2128	99.0063
2129	101.337
2130	100.62
2131	98.0336
2132	97.3682
2133	98.5802
2134	95.6683
2135	93.4772
2136	93.1337
2137	89.5919
2138	86.917
2139	86.2061
2140	87.662
2141	78.3891
2142	79.1036
2143	82.8728
2144	78.2149
2145	80.1905
2146	80.8826
2147	83.6174
2148	82.4203
2149	81.5587
2150	79.9037
2151	80.17
2152	80.3989
2153	79.2339
2154	86.9487
2155	83.5624
2156	90.141
2157	90.5617
2158	87.996
2159	88.7149
2160	90.8489
2161	89.6232
2162	90.0611
2163	89.4232
2164	90.3769
2165	93.2444
2166	94.3107
2167	93.2571
2168	91.8086
2169	89.6085
2170	81.7195
2171	80.2959
2172	77.9591
2173	83.1936
2174	85.8384
2175	88.2849
2176	91.263
2177	95.9881
2178	97.2081
2179	93.5555
2180	94.6229
2181	97.1083
2182	92.9097
2183	93.7826
2184	93.7997
2185	87.2962
2186	85.2943
2187	86.8161
2188	87.1775
2189	86.4656
2190	84.2192
2191	84.7116
2192	79.8856
2193	77.1361
2194	78.41
2195	77.9354
2196	76.801
2197	79.3771
2198	82.8057
2199	82.5162
2200	79.5729
2201	77.8508
2202	80.0003
2203	80.402
2204	78.5408
2205	79.3447
2206	75.0581
2207	78.9357
2208	78.2746
2209	83.1068
2210	80.2403
2211	81.9922
2212	84.368
2213	90.7233
2214	91.9838
2215	90.1173
2216	89.2992
2217	86.3343
2218	86.3776
2219	86.5741
2220	83.6961
2221	82.9846
2222	84.6976
2223	86.3523
2224	84.4574
2225	87.4828
2226	86.1256
2227	82.7985
2228	83.8313
2229	84.7091
2230	83.0727
2231	82.2608
2232	86.9095
2233	88.2347
2234	89.674
2235	88.8989
2236	89.8044
2237	88.9196
2238	95.521
2239	91.8818
2240	91.2117
2241	89.7416
2242	92.6654
2243	90.7562
2244	92.0419
2245	92.4097
2246	98.8131
2247	96.3137
2248	96.4357
2249	96.6088
2250	98.5586
2251	100.42
2252	101.557
2253	101.52
2254	101.589
2255	98.3053
2256	99.4144
2257	97.9964
2258	99.1759
2259	96.659
2260	96.9362
2261	94.6189
2262	95.7228
2263	95.7257
2264	94.4344
2265	88.3388
2266	86.7818
2267	91.8044
2268	90.2741
2269	87.8487
2270	92.0184
2271	91.1997
2272	93.1071
2273	94.2521
2274	88.719
2275	87.4272
2276	86.9656
2277	82.71
2278	80.6064
2279	81.5498
2280	80.138
2281	75.1719
2282	75.8743
2283	81.3559
2284	77.1651
2285	77.7481
2286	79.9288
2287	81.494
2288	82.7256
2289	88.2152
2290	89.2053
2291	88.7689
2292	92.7561
2293	89.2503
2294	91.9155
2295	98.2032
2296	97.3624
2297	96.8035
2298	98.5214
2299	94.4666
2300	89.8505
2301	87.6414
2302	85.0405
2303	86.7943
2304	91.4034
2305	91.5128
2306	84.9503
2307	86.0174
2308	88.7237
2309	92.3242
2310	93.1043
2311	96.909
2312	93.402
2313	94.8282
2314	98.5737
2315	98.809
2316	95.9321
2317	95.9482
2318	93.9355
2319	97.2498
2320	94.6535
2321	95.1912
2322	96.038
2323	95.8205
2324	96.7183
2325	98.3861
2326	102.325
2327	101.387
2328	96.7395
2329	96.7041
2330	98.7677
2331	97.9705
2332	98.9416
2333	101.624
2334	100.42
2335	98.3562
2336	94.5826
2337	94.5819
2338	97.5795
2339	98.0993
2340	96.055
2341	94.4166
2342	89.8771
2343	90.6765
2344	96.0995
2345	97.9338
2346	97.2523
2347	95.17
2348	96.2994
2349	94.3777
2350	92.0676
2351	93.1521
2352	92.8901
2353	93.4664
2354	91.2896
2355	87.527
2356	91.3838
2357	92.1691
2358	94.2363
2359	97.5353
2360	97.7193
2361	97.7447
2362	98.4316
2363	101.016
2364	98.935
2365	97.8117
2366	93.5765
2367	92.2773
2368	96.6133
2369	99.8197
2370	101.117
2371	100.51
2372	101.918
2373	99.0158
2374	101.465
2375	100.515
2376	98.5415
2377	97.1488
2378	99.0483
2379	99.3402
2380	97.1602
2381	98.2008
2382	96.6641
2383	98.8213
2384	97.9405
2385	99.6073
2386	94.191
2387	96.2629
2388	94.8827
2389	94.3222
2390	96.7675
2391	99.1456
2392	100.453
2393	101.649
2394	98.5515
2395	99.752
2396	100.772
2397	95.4076
2398	94.1641
2399	91.4998
2400	90.8928
2401	91.6286
2402	90.9101
2403	93.2723
2404	97.7185
2405	94.8042
2406	97.3162
2407	98.2861
2408	97.0385
2409	92.6727
2410	92.1302
2411	94.2547
2412	94.9093
2413	93.3522
2414	91.1913
2415	88.7118
2416	91.163
2417	94.9345
2418	93.8808
2419	92.4904
2420	94.9504
2421	94.115
2422	93.0105
2423	94.3342
2424	93.01
2425	95.1894
2426	90.9704
2427	88.7996
2428	87.5429
2429	90.4594
2430	92.6637
2431	91.6692
2432	93.7096
2433	97.1101
2434	93.2017
2435	92.8063
2436	95.3149
2437	97.9947
2438	97.4752
2439	99.5058
2440	98.8052
2441	99.3187
2442	101.522
2443	99.4876
2444	95.5881
2445	95.7358
2446	95.5404
2447	96.7489
2448	96.7215
2449	98.4479
2450	100.927
2451	96.9248
2452	97.3548
2453	100.875
2454	99.5223
2455	94.1063
2456	88.3553
2457	85.1375
2458	84.6104
2459	81.4862
2460	83.1928
2461	83.256
2462	82.2046
2463	76.8964
2464	80.5728
2465	84.3165
2466	84.5056
2467	84.6568
2468	86.1363
2469	81.8928
2470	80.214
2471	82.7974
2472	80.7296
2473	79.4597
2474	79.3092
2475	84.157
2476	86.4206
2477	87.4037
2478	88.0942
2479	89.4783
2480	88.1416
2481	87.8913
2482	90.7174
2483	90.0409
2484	89.7802
2485	90.0519
2486	88.5355
2487	88.8174
2488	87.4338
2489	89.8889
2490	87.6048
2491	84.0192
2492	79.8541
2493	86.4571
2494	90.6763
2495	91.3574
2496	91.9788
2497	91.9965
2498	95.5078
2499	95.6884
2500	96.2606
2501	93.3957
2502	94.255
2503	96.9546
2504	97.6467
2505	99.5117
2506	98.1224
2507	95.3184
2508	93.3374
2509	93.3162
2510	93.9232
2511	89.0973
2512	91.7219
2513	88.2541
2514	91.6646
2515	91.2878
2516	91.0775
2517	92.388
2518	94.2821
2519	97.041
2520	96.4061
2521	93.5662
2522	90.7958
2523	87.1319
2524	89.1869
2525	86.8414
2526	87.7643
2527	87.8965
2528	89.8359
2529	85.179
2530	82.1926
2531	84.0637
2532	86.2375
2533	85.6156
2534	83.4663
2535	85.3422
2536	81.3494
2537	82.2703
2538	82.56
2539	81.1669
2540	84.6703
2541	88.2043
2542	85.2273
2543	86.0744
2544	91.0203
2545	89.2859
2546	89.7805
2547	91.5698
2548	92.0025
2549	86.9421
2550	91.5665
2551	91.8995
2552	88.7794
2553	91.6734
2554	89.861
2555	90.1303
2556	90.6171
2557	88.7239
2558	89.7186
2559	89.0853
2560	90.0363
2561	87.7739
2562	90.3797
2563	90.0662
2564	86.7384
2565	85.4206
2566	88.472
2567	93.645
2568	98.6408
2569	95.753
2570	93.3707
2571	93.1861
2572	92.3683
2573	96.3661
2574	99.1781
2575	101.641
2576	98.6518
2577	95.4202
2578	94.2753
2579	95.729
2580	92.061
2581	90.4205
2582	90.8029
2583	91.701
2584	91.7791
2585	96.0032
2586	98.2403
2587	101.682
2588	101.413
2589	101.46
2590	99.9227
2591	100.713
2592	99.3764
2593	99.6221
2594	98.1489
2595	94.5031
2596	98.2986
2597	98.9603
2598	97.5871
2599	99.7236
2600	98.9097
2601	98.1278
2602	99.2051
2603	95.2732
2604	96.9214
2605	96.5768
2606	94.4044
2607	97.0319
2608	94.9609
2609	95.7835
2610	95.4348
2611	92.3876
2612	93.5037
2613	92.9337
2614	92.3846
2615	92.3956
2616	94.3551
2617	93.1704
2618	91.938
2619	89.5469
2620	91.6525
2621	92.5384
2622	93.0636
2623	91.9924
2624	89.6826
2625	87.6937
2626	93.1605
2627	91.9777
2628	87.6731
2629	89.5733
2630	91.7759
2631	88.9152
2632	96.8815
2633	97.1228
2634	95.7878
2635	93.3326
2636	90.3901
2637	93.1421
2638	92.0393
2639	94.0672
2640	97.4096
2641	97.3973
2642	98.1853
2643	99.2693
2644	98.0059
2645	95.7957
2646	97.7843
2647	98.3337
2648	97.3411
2649	98.8704
2650	97.8382
2651	99.0778
2652	101.067
2653	101.69
2654	103.042
2655	103.052
2656	100.759
2657	99.6015
2658	99.151
2659	97.8421
2660	96.3169
2661	97.7465
2662	97.346
2663	99.4231
2664	97.3487
2665	94.2261
2666	97.2225
2667	93.4287
2668	92.1552
2669	93.4533
2670	93.1627
2671	92.9345
2672	88.6917
2673	90.5342
2674	95.9108
2675	97.9531
2676	97.2769
2677	97.9139
2678	95.9576
2679	93.0496
2680	86.1108
2681	88.5291
2682	90.5734
2683	92.6616
2684	99.8467
2685	97.2825
2686	98.5298
2687	94.5196
2688	92.3918
2689	95.5008
2690	97.6394
2691	94.306
2692	91.5237
2693	93.0473
2694	90.8945
2695	86.317
2696	88.4401
2697	89.4225
2698	91.9753
2699	95.8563
2700	96.1532
2701	97.6364
2702	94.6519
2703	96.481
2704	97.8516
2705	99.2777
2706	98.0329
2707	96.6937
2708	96.4665
2709	97.5949
2710	102.322
2711	100.221
2712	97.246
2713	96.6054
2714	98.297
2715	97.7574
2716	98.9463
2717	98.4837
2718	100.57
2719	95.7978
2720	93.0244
2721	93.3778
2722	92.539
2723	92.0951
2724	96.8403
2725	98.5819
2726	97.7432
2727	96.1457
2728	99.6264
2729	100.228
2730	97.795
2731	95.9563
2732	97.3079
2733	96.9431
2734	96.0251
2735	93.5347
2736	96.1861
2737	95.0515
2738	92.4451
2739	94.2079
2740	93.9545
2741	87.4405
2742	87.6961
2743	84.8727
2744	86.2376
2745	83.81
2746	82.1019
2747	83.1684
2748	83.9406
2749	84.8189
2750	86.4856
2751	84.0757
2752	82.8405
2753	87.9304
2754	88.9491
2755	88.7477
2756	88.6447
2757	87.2619
2758	84.0865
2759	82.3934
2760	78.5455
2761	79.2218
2762	79.403
2763	79.623
2764	79.2491
2765	82.67
2766	81.5164
2767	85.2172
2768	88.3414
2769	82.3562
2770	79.5248
2771	77.4612
2772	76.9287
2773	78.6821
2774	81.4841
2775	85.4183
2776	83.249
2777	86.8896
2778	81.0021
2779	83.9501
2780	87.4065
2781	86.6237
2782	85.0994
2783	84.0963
2784	87.81
2785	93.3673
2786	95.7657
2787	99.309
2788	97.312
2789	95.4502
2790	94.2047
2791	96.379
2792	97.7077
2793	97.606
2794	99.4922
2795	94.7911
2796	96.84
2797	98.9909
2798	99.1489
2799	99.1852
2800	98.3485
2801	94.7751
2802	93.1151
2803	92.8963
2804	93.7993
2805	95.2139
2806	93.7993
2807	93.2402
2808	91.4819
2809	91.8554
2810	91.9175
2811	89.5176
2812	94.3553
2813	93.3185
2814	92.8637
2815	94.165
2816	91.9804
2817	91.6012
2818	87.3052
2819	83.6433
2820	85.549
2821	81.9325
2822	82.9086
2823	79.5739
2824	78.4632
2825	75.8087
2826	73.7385
2827	74.0599
2828	74.7576
2829	73.0575
2830	73.3642
2831	73.8892
2832	74.5847
2833	76.13
2834	73.8496
2835	78.4711
2836	78.6539
2837	79.2542
2838	80.6107
2839	80.9226
2840	84.5762
2841	85.7772
2842	85.8726
2843	86.9522
2844	85.0011
2845	82.1959
2846	82.1332
2847	79.9027
2848	79.035
2849	79.2251
2850	81.1229
2851	82.2153
2852	82.6075
2853	80.9861
2854	81.0941
2855	78.7968
2856	78.59
2857	81.5994
2858	84.464
2859	86.2211
2860	86.2226
2861	89
2862	90.9545
2863	92.9463
2864	93.7339
2865	98.8758
2866	96.7553
2867	96.3139
2868	97.0989
2869	97.3184
2870	95.1352
2871	93.6412
2872	94.393
2873	93.2995
2874	95.5369
2875	92.1646
2876	93.9015
2877	95.0231
2878	96.1144
2879	93.4663
2880	93.3988
2881	98.0277
2882	94.0336
2883	98.7466
2884	93.3923
2885	96.2804
2886	97.7166
2887	97.9565
2888	98.1591
2889	94.7841
2890	94.4081
2891	97.6059
2892	98.3421
2893	97.3958
2894	94.9381
2895	94.3264
2896	94.7445
2897	94.7541
2898	98.2918
2899	96.601
2900	97.2108
2901	93.219
2902	90.8508
2903	91.7592
2904	92.3898
2905	89.5394
2906	94.7226
2907	91.3704
2908	93.1541
2909	95.4466
2910	99.5238
2911	98.6169
2912	98.4294
2913	97.4869
2914	94.2022
2915	90.6015
2916	90.8567
2917	93.4858
2918	92.1737
2919	90.2891
2920	90.4569
2921	88.5183
2922	88.9182
2923	90.5897
2924	94.1148
2925	96.4436
2926	90.784
2927	91.329
2928	95.9078
2929	98.0456
2930	94.1072
2931	94.9456
2932	92.4554
2933	93.9209
2934	96.6412
2935	96.7375
2936	93.6123
2937	89.5291
2938	89.5792
2939	87.2851
2940	85.4944
2941	90.6473
2942	91.1435
2943	94.4129
2944	96.857
2945	100.034
2946	100.196
2947	99.4019
2948	98.6814
2949	99.1889
2950	98.169
2951	99.5871
2952	97.9735
2953	98.5747
2954	98.5831
2955	98.2558
2956	95.8454
2957	97.4506
2958	97.0439
2959	90.0227
2960	90.3646
2961	91.2952
2962	90.8846
2963	88.1701
2964	88.3135
2965	85.2106
2966	85.4502
2967	85.0084
2968	80.3948
2969	79.8548
2970	79.1936
2971	78.9057
2972	75.9331
2973	76.185
2974	76.4133
2975	75.1318
2976	77.0323
2977	78.0579
2978	81.2415
2979	83.3166
2980	77.8875
2981	78.2061
2982	75.9838
2983	76.0348
2984	82.964
2985	86.7666
2986	90.1754
2987	93.0654
2988	94.99
2989	93.4784
2990	93.9902
2991	91.9916
2992	93.8734
2993	95.2804
2994	96.9606
2995	98.2585
2996	101.169
2997	100.216
2998	99.3319
2999	101.38
3000	102.198
3001	99.8515
3002	99.1999
3003	94.9318
3004	93.0648
3005	93.6145
3006	93.112
3007	90.464
3008	90.7265
3009	89.236
3010	89.0586
3011	87.9476
3012	91.5326
3013	92.1127
3014	90.745
3015	93.6962
3016	93.6807
3017	93.3706
3018	95.0497
3019	95.3918
3020	98.7035
3021	99.67
3022	100.821
3023	99.9045
3024	96.3923
3025	93.7102
3026	92.197
3027	92.004
3028	92.0695
3029	85.6479
3030	88.0545
3031	84.971
3032	84.2962
3033	87.2289
3034	88.188
3035	87.547
3036	85.8609
3037	87.3866
3038	84.2913
3039	82.234
3040	79.5284
3041	84.3765
3042	87.1591
3043	88.0809
3044	89.3223
3045	91.7588
3046	93.4155
3047	94.2204
3048	95.0751
3049	93.3135
3050	93.2427
3051	93.2645
3052	88.9352
3053	83.8612
3054	80.512
3055	78.8891
3056	76.29
3057	75.3985
3058	76.8915
3059	77.0574
3060	81.3688
3061	81.7333
3062	83.6277
3063	86.7816
3064	87.5663
3065	86.9735
3066	89.2931
3067	86.3021
3068	87.7145
3069	86.0464
3070	87.8689
3071	91.9748
3072	93.9728
3073	96.4344
3074	95.2618
3075	95.448
3076	90.2062
3077	89.677
3078	92.4173
3079	89.3366
3080	92.4563
3081	96.2979
3082	94.1901
3083	98.1717
3084	95.2549
3085	94.1259
3086	97.8213
3087	96.3528
3088	99.9278
3089	96.5253
3090	98.0163
3091	96.0387
3092	94.1379
3093	96.8691
3094	94.6557
3095	90.8838
3096	89.5569
3097	92.1005
3098	90.8329
3099	90.5076
3100	89.3127
3101	89.0402
3102	89.0157
3103	88.6365
3104	88.7361
3105	93.7826
3106	90.5201
3107	91.7653
3108	93.5383
3109	95.4268
3110	97.473
3111	96.5771
3112	96.5051
3113	94.9417
3114	97.1035
3115	96.9866
3116	94.2506
3117	95.7015
3118	98.575
3119	101.683
3120	101.949
3121	100.206
3122	99.4218
3123	102.023
3124	98.3751
3125	95.6674
3126	93.7218
3127	91.4343
3128	93.4983
3129	94.9641
3130	94.659
3131	92.9079
3132	95.3904
3133	92.0804
3134	89.9472
3135	89.6491
3136	86.1933
3137	86.8485
3138	92.7001
3139	89.962
3140	90.8836
3141	87.2965
3142	85.6241
3143	85.8397
3144	82.6065
3145	80.0815
3146	77.5042
3147	76.4931
3148	77.6663
3149	78.6932
3150	77.7648
3151	78.2007
3152	82.0666
3153	86.9048
3154	85.8142
3155	89.0671
3156	90.1739
3157	87.1253
3158	85.0699
3159	86.9359
3160	83.8963
3161	83.6445
3162	83.1324
3163	85.4503
3164	86.0091
3165	87.9019
3166	90.1498
3167	89.8533
3168	86.4377
3169	85.121
3170	82.555
3171	84.9261
3172	82.4437
3173	85.1771
3174	84.6232
3175	82.1165
3176	81.9266
3177	83.2398
3178	87.8409
3179	92.9824
3180	92.759
3181	89.6284
3182	89.3467
3183	96.0822
3184	94.9621
3185	94.8254
3186	93.8839
3187	90.9948
3188	90.4479
3189	90.1907
3190	88.4717
3191	87.5585
3192	90.7977
3193	90.4111
3194	92.7798
3195	91.7043
3196	93.0354
3197	91.1077
3198	87.9064
3199	84.354
3200	83.0302
3201	82.9558
3202	83.5342
3203	85.0367
3204	82.3737
3205	81.4139
3206	81.4399
3207	81.166
3208	83.3053
3209	79.0989
3210	78.9664
3211	79.2917
3212	84.8328
3213	86.1226
3214	83.4498
3215	86.9462
3216	88.6514
3217	90.3573
3218	89.1964
3219	88.5711
3220	88.7661
3221	85.7324
3222	84.3867
3223	84.6621
3224	89.3882
3225	88.3168
3226	91.5613
3227	87.79
3228	87.0126
3229	89.2805
3230	92.7194
3231	96.0823
3232	97.2091
3233	95.3908
3234	93.4693
3235	93.6128
3236	91.9787
3237	90.192
3238	90.8671
3239	84.844
3240	86.9274
3241	90.5969
3242	94.746
3243	90.6753
3244	93.9931
3245	95.3226
3246	94.9533
3247	96.3501
3248	96.3415
3249	93.5881
3250	93.3361
3251	95.336
3252	95.1941
3253	92.9707
3254	90.7438
3255	89.7208
3256	88.3513
3257	90.5607
3258	91.2119
3259	88.8778
3260	89.1185
3261	86.5847
3262	88.1975
3263	87.4155
3264	88.9034
3265	88.3592
3266	88.0538
3267	92.071
3268	93.8163
3269	97.1885
3270	94.6533
3271	98.8017
3272	100.461
3273	98.9735
3274	101.174
3275	99.6002
3276	99.2691
3277	97.6064
3278	95.9766
3279	96.0824
3280	95.5769
3281	95.5135
3282	95.4106
3283	94.2993
3284	91.3216
3285	90.0878
3286	92.0075
3287	91.8432
3288	92.0704
3289	95.3562
3290	98.1447
3291	95.7109
3292	94.8346
3293	95.6142
3294	95.2224
3295	98.3137
3296	97.3208
3297	94.6771
3298	96.7615
3299	93.7308
3300	99.5764
3301	96.4626
3302	89.9197
3303	85.0338
3304	80.8566
3305	79.551
3306	78.0925
3307	71.4373
3308	72.5294
3309	75.1379
3310	73.8322
3311	78.2148
3312	80.875
3313	82.3917
3314	82.4662
3315	83.7059
3316	89.8234
3317	88.844
3318	88.6862
3319	85.831
3320	86.7731
3321	86.6106
3322	87.2147
3323	86.9389
3324	89.1663
3325	90.888
3326	85.9602
3327	85.3372
3328	82.6121
3329	87.6791
3330	84.9276
3331	84.1376
3332	84.948
3333	82.96
3334	84.8682
3335	84.3896
3336	84.8876
3337	85.9032
3338	90.8406
3339	87.3113
3340	90.3736
3341	90.7245
3342	88.4278
3343	89.3839
3344	90.3937
3345	90.6888
3346	91.4359
3347	87.9544
3348	88.6464
3349	90.3184
3350	91.0526
3351	88.9264
3352	92.0124
3353	93.0727
3354	96.9038
3355	96.6805
3356	96.4922
3357	92.9182
3358	87.8577
3359	84.9595
3360	87.5071
3361	90.0166
3362	90.485
3363	89.7495
3364	89.1105
3365	88.8045
3366	89.3378
3367	95.4178
3368	95.9678
3369	93.8486
3370	94.7446
3371	97.2739
3372	93.8905
3373	95.3024
3374	95.9258
3375	96.6757
3376	97.479
3377	97.6652
3378	98.871
3379	98.4611
3380	94.0357
3381	93.0809
3382	92.0223
3383	91.6141
3384	93.7333
3385	93.7714
3386	92.3198
3387	93.6573
3388	96.3791
3389	95.5223
3390	94.8417
3391	95.6904
3392	95.1614
3393	92.8532
3394	88.6409
3395	86.7247
3396	82.5277
3397	82.8805
3398	86.8106
3399	83.3237
3400	85.4513
3401	86.0218
3402	87.902
3403	89.7993
3404	91.9522
3405	93.1158
3406	95.9468
3407	96.2464
3408	94.9183
3409	96.5183
3410	95.093
3411	100.289
3412	98.8923
3413	99.7572
3414	96.9319
3415	94.5625
3416	93.7464
3417	94.4508
3418	94.9526
3419	98.1698
3420	99.5689
3421	100.682
3422	99.3226
3423	101.967
3424	99.5296
3425	99.109
3426	95.3392
3427	92.9242
3428	90.3728
3429	89.5708
3430	88.311
3431	90.397
3432	86.8177
3433	85.7058
3434	85.5295
3435	85.8326
3436	88.8553
3437	88.8908
3438	87.1628
3439	90.2448
3440	88.591
3441	90.4951
3442	91.6868
3443	92.0785
3444	92.4354
3445	92.0193
3446	91.9267
3447	88.2371
3448	83.5907
3449	80.8022
3450	80.5782
3451	81.5313
3452	78.4023
3453	77.8188
3454	79.3693
3455	69.7177
3456	70.7031
3457	69.2677
3458	70.4179
3459	74.4492
3460	75.7116
3461	80.5048
3462	77.0595
3463	79.3409
3464	80.5328
3465	77.1846
3466	75.126
3467	72.8584
3468	76.0735
3469	76.1901
3470	74.5178
3471	72.8455
3472	75.3107
3473	78.3124
3474	84.1811
3475	82.0583
3476	78.8546
3477	73.3033
3478	77.6807
3479	81.6087
3480	82.8557
3481	83.8869
3482	84.8048
3483	83.9312
3484	86.6839
3485	91.3909
3486	92.9627
3487	94.5286
3488	97.5919
3489	96.2751
3490	99.9237
3491	95.1463
3492	89.704
3493	90.6111
3494	88.4449
3495	89.675
3496	88.4491
3497	88.6943
3498	89.8971
3499	86.7
3500	85.5326
3501	83.512
3502	79.7357
3503	80.561
3504	77.8691
3505	76.9852
3506	73.7986
3507	72.3157
3508	73.1997
3509	71.5862
3510	64.5727
3511	62.7082
3512	58.9655
3513	57.5614
3514	60.1931
3515	62.0604
3516	61.3558
3517	60.88
3518	59.9162
3519	63.6727
3520	62.6605
3521	62.5537
3522	66.5726
3523	62.6871
3524	62.4245
3525	63.311
3526	63.8549
3527	60.4303
3528	59.6669
3529	61.0891
3530	58.7419
3531	56.9395
3532	55.3936
3533	49.114
3534	49.0937
3535	48.1244
3536	45.9359
3537	42.7506
3538	39.5119
3539	41.9248
3540	41.3241
3541	37.4985
3542	37.937
3543	36.5918
3544	38.9167
3545	38.2706
3546	37.7173
3547	33.1261
3548	31.2719
3549	31.6095
3550	28.3541
3551	26.7654
3552	24.6317
3553	22.9921
3554	22.6295
3555	21.427
3556	20.4973
3557	21.6516
3558	21.5829
3559	22.432
3560	23.0987
3561	25.3909
3562	25.3839
3563	23.5726
3564	24.8493
3565	27.5739
3566	30.503
3567	30.1506
3568	27.2751
3569	26.8432
3570	27.3466
3571	27.723
3572	28.0097
3573	29.1708
3574	32.5517
3575	29.9743
3576	33.2113
3577	30.5121
3578	31.0097
3579	29.6542
3580	25.9727
3581	24.0491
3582	20.7026
3583	16.2308
3584	16.4953
3585	14.8241
3586	14.4704
3587	11.3448
3588	11.7677
3589	12.097
3590	11.4037
3591	10.867
3592	10.4468
3593	10.1193
3594	8.90241
3595	6.97949
3596	9.34294
3597	10.2185
3598	9.94268
3599	10.684
3600	8.37625
3601	8.50813
3602	7.64397
3603	7.93816
3604	6.22352
3605	6.8327
3606	6.33509
3607	4.96671
3608	4.8772
3609	4.8073
3610	4.75271
3611	4.71008
3612	4.6768
3613	4.6508
3614	4.6305
3615	4.61467
3616	3.6179
3617	4.80385
3618	3.76622
3619	3.93936
3620	3.08846
3621	3.40982
3622	2.6733
3623	2.09586
3624	1.64316
3625	2.28056
3626	1.78796
3627	1.40176
3628	1.09898
3629	0.8616
3630	0.675494
3631	0.529588
3632	0.415197
3633	0.325514
3634	0.255203
3635	0.200079
3636	0.156862
3637	0.12298
